9.738,6.230,3.780,0.990,6.742,5.914,1.044,3.901,4.998,6.121,8.997,1.570,3.277,7.827,4.292,6.745,3.792,3.438,8.377,4.845,2.346,0.404,1.697,5.382,7.591,5.059,3.681,1.139,8.674,7.795
5.117,6.701,2.797,5.025,3.945,0.327,7.410,4.168,3.628,7.066,7.350,4.387,1.119,5.165,3.662,0.321,3.066,9.789,5.770,1.705,2.232,7.713,9.216,2.326,3.444,5.773,9.089,5.470,0.009,8.531
9.758,6.207,3.744,0.921,6.813,5.874,1.027,3.884,4.970,6.157,9.026,1.625,3.305,7.874,4.280,6.752,3.789,3.382,8.404,4.791,2.364,0.351,1.665,5.401,7.528,5.025,3.692,1.232,8.678,7.790
8.886,5.808,1.059,4.056,8.727,1.496,3.341,5.867,3.809,5.443,0.762,3.633,5.695,1.156,2.795,0.462,0.072,0.124,1.126,7.892,2.439,4.243,4.441,2.396,8.491,9.027,7.964,9.185,5.411,4.726
7.302,0.951,9.035,5.696,1.585,2.225,7.225,0.483,3.918,3.594,8.428,7.346,5.227,8.107,1.117,9.134,9.575,8.497,6.867,4.461,2.373,3.786,9.004,1.715,4.304,9.114,1.238,5.282,1.163,2.771
8.939,5.725,1.016,4.055,8.793,1.549,3.367,5.927,3.826,5.445,0.724,3.671,5.700,1.179,2.748,0.495,0.077,0.125,1.188,7.822,2.439,4.262,4.467,2.448,8.527,9.044,7.926,9.115,5.403,4.765
9.666,6.108,3.757,1.048,6.714,5.887,1.059,3.982,5.010,6.075,8.990,1.534,3.287,7.750,4.318,6.826,3.640,3.434,8.198,4.795,2.358,0.350,1.755,5.426,7.461,5.047,3.657,1.121,8.766,7.746
8.927,5.700,0.992,4.057,8.805,1.591,3.337,5.984,3.873,5.460,0.695,3.609,5.707,1.184,2.716,0.483,0.014,0.210,1.229,7.833,2.489,4.254,4.455,2.429,8.536,9.120,7.933,9.173,5.468,4.842
9.599,6.035,3.745,1.068,6.812,5.893,1.061,3.984,4.985,6.064,8.947,1.450,3.333,7.727,4.345,6.792,3.635,3.427,8.150,4.854,2.307,0.349,1.794,5.357,7.458,5.055,3.705,1.167,8.744,7.719
8.884,5.694,1.042,4.057,8.805,1.657,3.513,6.021,3.894,5.481,0.626,3.575,5.688,1.193,2.793,0.357,0.072,0.192,1.141,7.724,2.427,4.187,4.568,2.418,8.522,9.071,7.917,9.105,5.406,4.800
8.863,5.672,1.043,4.065,8.841,1.538,3.460,6.004,3.893,5.336,0.660,3.723,5.715,1.181,2.715,0.323,-0.052,0.127,1.140,7.750,2.518,4.239,4.464,2.390,8.480,9.058,7.874,9.056,5.390,4.802
8.814,5.672,1.061,4.088,8.857,1.507,3.416,5.983,3.937,5.292,0.647,3.760,5.700,1.174,2.712,0.273,-0.102,0.154,1.114,7.751,2.503,4.288,4.473,2.391,8.440,9.075,7.921,9.092,5.370,4.778
8.857,5.736,1.137,3.981,8.809,1.610,3.456,5.960,3.803,5.418,0.703,3.556,5.701,1.184,2.811,0.311,0.070,0.242,1.117,7.807,2.455,4.230,4.664,2.328,8.638,9.044,7.824,9.031,5.428,4.669
8.869,5.764,1.116,4.016,8.842,1.629,3.478,5.977,3.799,5.417,0.741,3.591,5.710,1.208,2.826,0.352,0.080,0.279,1.107,7.856,2.405,4.215,4.712,2.342,8.654,9.053,7.863,9.059,5.391,4.640
8.859,5.784,1.181,4.011,8.732,1.580,3.495,6.013,3.843,5.406,0.718,3.617,5.703,1.225,2.807,0.387,0.116,0.261,1.117,7.772,2.456,4.221,4.726,2.256,8.671,9.054,7.895,9.030,5.405,4.686
8.860,5.776,1.181,3.987,8.699,1.549,3.498,6.055,3.843,5.448,0.716,3.617,5.706,1.224,2.856,0.390,0.107,0.299,1.093,7.812,2.482,4.177,4.709,2.282,8.624,9.078,7.888,9.023,5.394,4.708
8.792,5.697,1.263,3.971,8.837,1.706,3.530,6.034,3.879,5.354,0.618,3.579,5.673,1.205,2.757,0.264,0.107,0.335,1.124,7.873,2.398,4.203,4.646,2.293,8.611,9.046,7.826,9.049,5.395,4.632
8.932,5.678,0.977,4.159,8.770,1.530,3.289,5.949,3.873,5.242,0.737,3.659,5.720,1.122,2.795,0.325,-0.031,0.145,1.066,7.801,2.438,4.211,4.322,2.458,8.441,9.037,7.844,9.162,5.306,4.805
8.970,5.702,0.898,4.137,8.837,1.497,3.352,5.885,3.925,5.310,0.781,3.678,5.636,1.119,2.887,0.227,-0.073,0.170,1.048,7.772,2.501,4.271,4.319,2.424,8.486,9.035,7.816,9.053,5.364,4.824
8.859,5.742,0.972,4.124,8.708,1.419,3.299,5.989,3.782,5.307,0.640,3.656,5.680,1.168,2.824,0.315,-0.100,0.131,1.071,7.709,2.526,4.359,4.352,2.418,8.468,9.021,7.816,9.062,5.335,4.783
8.937,5.694,1.024,4.062,8.747,1.483,3.282,5.892,3.837,5.223,0.618,3.634,5.677,1.234,2.826,0.331,-0.006,0.073,1.066,7.866,2.474,4.179,4.240,2.474,8.435,8.988,7.894,9.156,5.372,4.824
8.788,5.775,0.962,4.077,8.754,1.412,3.268,6.072,3.842,5.281,0.612,3.687,5.633,1.157,2.845,0.324,-0.101,0.190,1.114,7.743,2.564,4.344,4.311,2.487,8.431,8.963,7.778,9.148,5.275,4.741
8.935,5.660,1.028,4.102,8.829,1.489,3.312,5.847,3.874,5.153,0.652,3.575,5.670,1.263,2.783,0.255,-0.058,0.040,1.055,7.840,2.401,4.132,4.253,2.465,8.462,8.929,7.880,9.171,5.373,4.802
8.824,5.763,0.969,4.081,8.636,1.426,3.237,6.019,3.822,5.234,0.674,3.671,5.672,1.068,2.832,0.319,-0.125,0.146,1.027,7.689,2.463,4.365,4.429,2.351,8.470,9.018,7.785,8.937,5.385,4.759
8.845,5.733,0.957,4.090,8.629,1.403,3.268,5.979,3.846,5.188,0.641,3.684,5.660,1.019,2.855,0.282,-0.152,0.105,1.058,7.717,2.444,4.373,4.458,2.366,8.504,9.046,7.748,8.979,5.343,4.798
8.771,5.693,1.016,4.077,8.629,1.480,3.201,6.043,3.894,5.228,0.617,3.725,5.666,0.979,2.800,0.307,-0.163,0.171,0.937,7.699,2.440,4.376,4.431,2.256,8.385,9.026,7.776,8.939,5.453,4.786
8.843,5.628,1.060,4.084,8.823,1.576,3.252,5.786,3.860,5.142,0.556,3.628,5.758,1.321,2.784,0.261,-0.067,-0.054,1.077,7.949,2.373,4.106,4.155,2.501,8.448,8.920,8.021,9.164,5.410,4.824
8.755,5.655,1.062,4.105,8.632,1.509,3.256,6.015,3.911,5.183,0.557,3.773,5.606,0.951,2.803,0.242,-0.199,0.197,0.965,7.718,2.451,4.345,4.361,2.266,8.380,9.030,7.747,8.861,5.456,4.839
8.842,5.630,1.108,4.110,8.857,1.634,3.197,5.823,3.885,5.161,0.540,3.684,5.755,1.351,2.781,0.315,-0.117,-0.106,1.066,7.915,2.372,4.132,4.116,2.515,8.373,8.917,8.023,9.190,5.437,4.879
8.885,5.711,0.991,4.020,8.623,1.432,3.307,6.035,3.774,5.280,0.702,3.691,5.609,1.022,2.858,0.162,-0.056,0.063,0.973,7.749,2.419,4.461,4.524,2.414,8.507,9.059,7.637,8.935,5.294,4.778
8.758,5.626,1.084,4.029,8.850,1.654,3.220,5.748,3.789,5.089,0.618,3.671,5.743,1.324,2.735,0.257,-0.065,-0.109,1.137,7.929,2.378,4.194,4.147,2.400,8.524,8.946,8.022,9.184,5.470,4.861
8.821,5.722,1.054,4.070,8.825,1.549,3.252,5.714,3.796,5.139,0.636,3.632,5.713,1.357,2.714,0.192,-0.112,-0.141,1.077,7.934,2.314,4.171,4.155,2.415,8.516,8.988,8.043,9.155,5.491,4.855
8.776,5.681,1.082,4.119,8.859,1.528,3.255,5.764,3.747,5.124,0.595,3.612,5.726,1.355,2.734,0.219,-0.132,-0.092,1.038,7.974,2.288,4.203,4.135,2.394,8.524,9.012,8.034,9.117,5.457,4.896
8.746,5.725,1.069,4.078,8.819,1.484,3.294,5.736,3.702,5.121,0.564,3.641,5.767,1.306,2.723,0.170,-0.178,-0.117,1.087,7.957,2.293,4.190,4.090,2.443,8.522,9.059,7.987,9.117,5.453,4.874
8.792,5.699,1.040,4.079,8.818,1.507,3.276,5.801,3.709,5.143,0.616,3.668,5.696,1.349,2.674,0.296,-0.218,-0.017,1.030,7.917,2.274,4.224,4.166,2.379,8.468,8.943,8.061,9.063,5.517,4.836
8.800,5.662,1.017,4.033,8.843,1.555,3.281,5.782,3.667,5.152,0.593,3.677,5.739,1.354,2.676,0.269,-0.183,-0.041,1.038,7.953,2.279,4.218,4.166,2.425,8.458,8.991,8.017,9.064,5.511,4.803
8.802,5.693,1.085,4.069,8.968,1.558,3.231,5.799,3.704,5.105,0.581,3.655,5.825,1.327,2.843,0.305,-0.119,-0.025,1.058,7.947,2.276,4.129,4.154,2.310,8.524,8.996,8.099,9.192,5.457,4.907
8.802,5.733,1.048,4.048,8.951,1.556,3.189,5.781,3.716,5.126,0.545,3.611,5.829,1.334,2.843,0.312,-0.074,-0.020,1.063,7.948,2.296,4.090,4.183,2.333,8.519,9.020,8.101,9.171,5.433,4.905
8.846,5.618,1.050,4.033,8.839,1.474,3.279,5.805,3.668,5.171,0.625,3.675,5.731,1.390,2.752,0.400,-0.223,-0.104,1.018,7.990,2.231,4.295,4.119,2.429,8.500,8.984,8.022,9.092,5.506,4.704
8.783,5.637,0.977,4.057,8.906,1.545,3.229,5.883,3.643,5.150,0.660,3.662,5.755,1.409,2.577,0.163,-0.222,-0.063,1.020,8.033,2.268,4.107,4.167,2.530,8.527,8.959,8.021,8.958,5.444,4.798
8.834,5.774,0.986,4.155,8.775,1.584,3.292,5.764,3.667,5.069,0.567,3.664,5.621,1.409,2.710,0.229,-0.099,0.024,1.070,7.936,2.320,4.092,4.146,2.432,8.566,8.950,8.086,9.031,5.601,4.798
8.813,5.754,0.972,4.196,8.794,1.548,3.259,5.740,3.661,5.078,0.602,3.673,5.625,1.422,2.757,0.195,-0.132,-0.017,1.119,7.965,2.338,4.113,4.154,2.416,8.529,8.942,8.055,9.003,5.621,4.791
8.820,5.727,1.070,4.149,8.707,1.377,3.258,5.871,3.585,5.155,0.433,3.558,5.739,1.496,2.758,0.070,-0.203,-0.110,1.043,7.914,2.421,4.250,4.130,2.406,8.646,9.174,8.077,9.079,5.337,4.691
8.885,5.875,0.991,4.165,8.809,1.616,3.240,5.783,3.668,5.026,0.625,3.662,5.617,1.425,2.767,0.182,-0.089,0.046,1.056,7.952,2.399,4.114,4.069,2.434,8.595,8.850,7.990,8.952,5.548,4.738
8.793,5.720,1.067,4.180,8.741,1.384,3.336,5.910,3.654,5.172,0.392,3.553,5.719,1.490,2.810,0.029,-0.157,-0.119,1.054,7.849,2.356,4.213,4.125,2.461,8.619,9.096,8.103,9.041,5.296,4.764
8.792,5.752,1.093,4.216,8.759,1.424,3.296,5.943,3.650,5.171,0.385,3.593,5.674,1.484,2.846,0.075,-0.173,-0.137,1.051,7.843,2.323,4.253,4.157,2.426,8.587,9.071,8.057,9.002,5.320,4.752
8.861,5.709,1.038,4.084,8.704,1.454,3.229,5.870,3.638,5.160,0.424,3.560,5.775,1.391,2.724,0.137,-0.136,-0.081,1.050,7.810,2.537,4.274,4.077,2.448,8.575,9.196,8.079,9.127,5.371,4.766
8.801,5.603,1.001,4.109,8.718,1.421,3.344,5.827,3.612,5.312,0.431,3.553,5.728,1.467,2.631,0.126,-0.276,-0.188,0.932,7.993,2.285,4.338,4.075,2.259,8.548,8.984,8.002,8.985,5.304,4.692
8.827,5.770,0.982,4.080,8.752,1.501,3.270,5.803,3.675,5.087,0.389,3.580,5.753,1.441,2.740,0.204,-0.071,-0.051,1.068,7.763,2.459,4.257,4.136,2.517,8.571,9.197,8.082,9.068,5.368,4.780
8.856,5.511,0.961,4.094,8.745,1.525,3.337,5.824,3.583,5.254,0.324,3.578,5.763,1.497,2.604,0.064,-0.202,-0.186,1.025,7.959,2.337,4.328,4.239,2.421,8.564,8.932,8.042,9.130,5.364,4.636
8.880,5.785,0.922,4.081,8.826,1.524,3.276,5.745,3.645,5.147,0.396,3.572,5.698,1.403,2.764,0.191,-0.063,-0.112,0.980,7.853,2.507,4.210,4.059,2.584,8.632,9.208,8.051,9.044,5.346,4.841
8.778,5.573,1.061,4.181,8.708,1.460,3.402,5.811,3.566,5.201,0.472,3.434,5.739,1.572,2.636,0.076,-0.224,-0.150,0.889,8.100,2.369,4.372,4.035,2.154,8.535,9.014,7.971,8.943,5.389,4.675
8.624,5.591,0.934,3.986,8.739,1.370,3.090,5.928,3.568,5.219,0.439,3.681,5.869,1.451,2.768,0.080,-0.300,-0.133,0.943,7.928,2.345,4.362,4.068,2.338,8.720,9.164,8.015,8.983,5.338,4.783
8.904,5.817,0.868,4.082,8.855,1.517,3.344,5.633,3.561,5.130,0.403,3.501,5.727,1.493,2.784,0.147,-0.098,-0.187,0.986,7.925,2.507,4.263,3.997,2.569,8.522,9.188,8.157,9.033,5.353,4.883
8.911,5.732,0.950,4.107,8.855,1.550,3.296,5.737,3.595,5.127,0.379,3.640,5.734,1.391,2.680,0.173,-0.094,-0.220,0.977,7.870,2.527,4.364,4.130,2.625,8.625,9.240,8.009,9.055,5.272,4.772
8.780,5.624,1.045,4.180,8.679,1.449,3.483,5.891,3.634,5.233,0.378,3.375,5.632,1.570,2.636,0.113,-0.110,-0.196,0.912,8.097,2.359,4.385,4.021,2.220,8.667,8.992,7.923,8.866,5.381,4.797
8.835,5.778,0.906,4.135,8.846,1.515,3.381,5.746,3.647,5.140,0.301,3.618,5.775,1.333,2.681,0.240,-0.111,-0.218,0.986,7.905,2.468,4.334,4.130,2.579,8.586,9.238,8.040,9.011,5.213,4.728
8.847,5.781,0.888,4.177,8.889,1.466,3.422,5.755,3.638,5.180,0.259,3.636,5.786,1.293,2.694,0.230,-0.094,-0.266,0.980,7.900,2.510,4.318,4.122,2.609,8.558,9.221,8.087,9.036,5.262,4.737
8.906,5.725,0.997,4.064,8.888,1.537,3.345,5.737,3.555,5.110,0.423,3.669,5.730,1.351,2.684,0.173,-0.108,-0.229,0.958,7.892,2.537,4.412,4.231,2.535,8.617,9.282,8.035,9.035,5.213,4.786
9.027,5.748,0.909,4.123,8.822,1.430,3.293,5.702,3.557,5.228,0.438,3.553,5.609,1.572,2.707,0.209,-0.109,-0.041,0.868,7.978,2.449,4.417,3.989,2.705,8.536,9.293,8.277,9.028,5.256,4.764
8.859,5.722,0.966,4.160,8.865,1.538,3.395,5.798,3.609,5.107,0.326,3.681,5.817,1.333,2.781,0.213,-0.179,-0.262,1.051,7.904,2.538,4.400,4.084,2.583,8.517,9.290,8.011,9.033,5.287,4.725
8.916,5.722,0.679,4.037,8.951,1.425,3.221,5.629,3.541,5.205,0.311,3.614,5.616,1.495,2.706,0.200,-0.066,-0.025,1.073,7.889,2.491,4.326,3.969,2.605,8.550,9.304,8.267,9.032,5.175,4.875
8.899,5.725,0.969,4.221,8.798,1.472,3.337,5.722,3.548,5.218,0.234,3.683,5.818,1.211,2.594,0.288,-0.135,-0.199,1.006,7.747,2.541,4.503,3.985,2.608,8.520,9.327,8.069,9.112,5.239,4.814
8.921,5.722,0.957,4.182,8.750,1.443,3.342,5.709,3.596,5.224,0.259,3.699,5.846,1.187,2.621,0.261,-0.145,-0.224,1.051,7.755,2.556,4.459,3.986,2.577,8.569,9.340,8.045,9.157,5.249,4.826
8.886,5.684,0.900,4.227,8.793,1.442,3.326,5.754,3.463,5.234,0.273,3.716,5.785,1.278,2.647,0.216,-0.142,-0.151,1.034,7.711,2.523,4.507,3.914,2.532,8.526,9.304,8.089,9.151,5.287,4.806
8.903,5.642,0.870,4.257,8.832,1.459,3.347,5.763,3.507,5.238,0.273,3.691,5.777,1.248,2.618,0.222,-0.171,-0.153,0.985,7.717,2.510,4.525,3.883,2.506,8.512,9.288,8.125,9.153,5.296,4.830
8.813,5.828,0.689,3.912,8.938,1.321,3.222,5.633,3.561,5.276,0.371,3.605,5.653,1.431,2.762,0.132,-0.137,-0.112,0.950,7.717,2.560,4.325,3.995,2.566,8.591,9.317,8.442,9.025,5.142,4.798
8.871,5.735,0.803,4.048,8.874,1.392,3.204,5.574,3.533,5.308,0.343,3.574,5.565,1.401,2.701,0.094,-0.092,0.055,0.957,7.862,2.534,4.460,3.967,2.628,8.597,9.364,8.271,9.005,5.116,4.710
8.848,5.705,0.946,4.162,8.877,1.353,3.264,5.675,3.579,5.198,0.313,3.647,5.856,1.146,2.555,0.344,-0.158,-0.068,1.160,7.801,2.532,4.392,3.853,2.486,8.631,9.419,8.079,9.118,5.338,4.897
8.871,5.647,0.884,4.227,8.807,1.296,3.252,5.689,3.535,5.217,0.258,3.603,5.902,1.157,2.579,0.354,-0.068,-0.175,1.062,7.815,2.546,4.346,3.912,2.504,8.645,9.341,7.989,9.172,5.285,4.933
8.901,5.742,0.852,4.106,8.890,1.410,3.088,5.581,3.546,5.327,0.307,3.637,5.498,1.454,2.782,0.030,0.018,0.076,0.895,7.934,2.603,4.395,4.083,2.600,8.589,9.389,8.197,8.968,5.126,4.747
8.811,5.708,0.862,4.269,8.802,1.250,3.243,5.667,3.629,5.142,0.266,3.558,5.911,1.134,2.639,0.334,-0.088,-0.150,1.031,7.822,2.527,4.399,3.958,2.516,8.611,9.355,8.040,9.211,5.219,4.887
8.878,5.774,0.885,4.121,8.833,1.367,3.092,5.558,3.553,5.247,0.398,3.566,5.498,1.452,2.764,0.006,0.053,0.118,0.836,7.933,2.538,4.395,4.120,2.597,8.540,9.461,8.200,8.921,5.144,4.699
8.833,5.800,0.891,4.144,8.858,1.347,3.047,5.607,3.600,5.275,0.377,3.588,5.466,1.476,2.735,-0.015,0.073,0.130,0.834,7.945,2.569,4.376,4.072,2.603,8.492,9.488,8.182,8.874,5.109,4.695
8.781,5.725,0.869,4.327,8.704,1.223,3.228,5.617,3.646,5.171,0.245,3.526,5.788,1.177,2.556,0.393,-0.024,-0.115,1.012,7.861,2.481,4.463,3.933,2.581,8.650,9.271,7.974,9.277,5.360,4.809
8.739,5.695,0.823,4.372,8.799,1.270,3.256,5.653,3.567,5.024,0.411,3.614,5.882,1.135,2.667,0.213,-0.054,-0.082,1.054,7.909,2.431,4.330,3.959,2.561,8.615,9.316,8.112,9.207,5.275,4.891
8.666,5.818,0.880,4.226,8.833,1.292,3.189,5.578,3.662,5.124,0.244,3.579,5.877,1.219,2.444,0.397,-0.119,-0.165,1.024,7.798,2.563,4.434,3.824,2.631,8.569,9.326,7.934,9.252,5.348,4.911
8.743,5.647,0.795,4.435,8.770,1.288,3.301,5.682,3.594,5.008,0.469,3.642,5.980,1.185,2.678,0.289,-0.121,-0.089,1.041,7.956,2.443,4.364,4.008,2.476,8.531,9.278,8.142,9.178,5.281,4.887
8.702,5.798,0.868,4.233,8.818,1.318,3.190,5.608,3.675,5.082,0.286,3.544,5.840,1.115,2.514,0.391,-0.076,-0.033,1.110,7.861,2.417,4.448,3.850,2.617,8.595,9.294,7.886,9.293,5.331,4.810
8.859,5.712,0.939,4.380,8.826,1.251,3.177,5.615,3.510,5.044,0.333,3.614,5.899,1.138,2.592,0.240,-0.062,-0.095,0.970,7.924,2.381,4.284,3.911,2.472,8.645,9.223,8.182,9.273,5.270,4.918
8.693,5.802,0.843,4.245,8.809,1.290,3.175,5.585,3.657,5.135,0.258,3.523,5.824,1.137,2.530,0.357,-0.040,-0.048,1.087,7.821,2.436,4.502,3.881,2.539,8.577,9.359,7.845,9.292,5.261,4.749
8.720,5.771,0.855,4.265,8.850,1.312,3.186,5.600,3.625,5.142,0.300,3.515,5.829,1.147,2.508,0.371,-0.020,-0.095,1.050,7.833,2.401,4.465,3.847,2.573,8.609,9.344,7.885,9.297,5.271,4.786
8.991,5.636,0.689,4.270,8.688,1.202,3.311,5.482,3.544,4.997,0.120,3.602,5.633,1.065,2.704,0.434,0.031,-0.133,1.164,7.747,2.346,4.237,3.863,2.399,8.620,9.425,8.023,9.270,5.353,4.968
9.007,5.678,0.668,4.250,8.659,1.186,3.277,5.520,3.565,4.998,0.155,3.554,5.662,1.107,2.718,0.424,-0.013,-0.123,1.135,7.761,2.371,4.259,3.870,2.404,8.578,9.375,8.037,9.270,5.388,4.948
8.905,5.670,0.992,4.332,8.818,1.258,3.288,5.649,3.399,4.925,0.341,3.508,5.940,1.229,2.528,0.364,-0.145,0.018,1.052,7.906,2.462,4.259,3.981,2.493,8.653,9.136,8.211,9.342,5.221,4.786
8.879,5.587,1.052,4.349,8.813,1.303,3.312,5.604,3.399,4.959,0.316,3.502,5.961,1.148,2.491,0.322,-0.046,-0.034,1.029,7.875,2.402,4.225,3.996,2.524,8.648,9.183,8.161,9.331,5.212,4.839
8.919,5.572,1.019,4.356,8.807,1.309,3.268,5.648,3.354,4.928,0.291,3.476,5.976,1.108,2.528,0.344,-0.037,-0.033,1.039,7.861,2.405,4.211,3.979,2.532,8.676,9.210,8.129,9.312,5.179,4.812
8.913,5.557,0.976,4.326,8.758,1.321,3.291,5.634,3.310,4.924,0.274,3.518,6.000,1.068,2.560,0.332,-0.066,-0.056,1.056,7.855,2.440,4.188,3.954,2.560,8.644,9.199,8.126,9.354,5.134,4.774
8.890,5.568,0.930,4.286,8.774,1.291,3.283,5.614,3.267,4.926,0.323,3.566,6.019,1.093,2.538,0.369,-0.028,-0.038,1.031,7.836,2.407,4.153,3.937,2.548,8.651,9.150,8.137,9.322,5.099,4.813
8.933,5.573,1.020,4.323,8.794,1.302,3.260,5.602,3.287,5.004,0.288,3.542,6.016,1.130,2.577,0.328,-0.020,-0.058,1.042,7.813,2.442,4.198,3.971,2.603,8.628,9.188,8.080,9.358,5.051,4.700
8.915,5.581,1.053,4.315,8.794,1.279,3.280,5.585,3.257,5.026,0.289,3.582,5.983,1.089,2.549,0.315,0.005,-0.014,1.027,7.857,2.417,4.173,3.990,2.644,8.666,9.165,8.034,9.393,5.032,4.721
8.825,5.558,1.089,4.348,8.821,1.365,3.286,5.533,3.237,4.932,0.279,3.467,5.965,1.074,2.635,0.343,-0.003,-0.200,1.055,7.857,2.524,4.142,3.924,2.589,8.676,9.124,8.101,9.385,5.111,4.751
8.851,5.616,1.122,4.319,8.766,1.423,3.216,5.516,3.272,5.028,0.229,3.551,5.990,0.996,2.578,0.358,-0.052,-0.108,1.034,7.898,2.495,4.158,3.987,2.589,8.734,9.170,8.162,9.441,5.151,4.852
8.913,5.603,0.939,4.402,8.745,1.449,3.194,5.624,3.192,4.897,0.284,3.561,6.025,1.204,2.661,0.339,-0.044,-0.077,1.164,7.866,2.369,4.245,3.826,2.565,8.808,9.140,8.176,9.410,4.951,4.834
8.962,5.562,0.911,4.377,8.728,1.405,3.197,5.605,3.149,4.936,0.313,3.520,6.020,1.237,2.673,0.369,-0.052,-0.064,1.126,7.861,2.409,4.232,3.865,2.584,8.799,9.136,8.132,9.450,4.933,4.839
8.903,5.666,0.909,4.419,8.703,1.497,3.225,5.628,3.146,4.874,0.362,3.627,6.057,1.277,2.659,0.392,-0.043,-0.113,1.237,7.840,2.377,4.183,3.829,2.575,8.872,9.082,8.238,9.344,5.008,4.765
8.931,5.544,1.001,4.420,8.785,1.533,3.205,5.631,3.200,4.906,0.255,3.569,5.967,1.179,2.630,0.315,-0.131,-0.112,1.130,7.845,2.349,4.333,3.845,2.619,8.786,9.130,8.202,9.366,4.955,4.802
8.922,5.658,0.898,4.396,8.717,1.517,3.177,5.548,3.127,4.862,0.315,3.619,6.056,1.264,2.680,0.445,-0.036,-0.172,1.223,7.862,2.361,4.188,3.807,2.526,8.934,9.017,8.264,9.398,5.018,4.735
8.884,5.665,0.940,4.363,8.741,1.473,3.163,5.521,3.100,4.855,0.314,3.575,6.013,1.218,2.692,0.460,-0.048,-0.127,1.217,7.842,2.341,4.158,3.831,2.535,8.927,9.066,8.306,9.427,5.003,4.779
8.892,5.584,1.001,4.417,8.758,1.501,3.226,5.594,3.244,4.909,0.285,3.588,5.921,1.141,2.606,0.309,-0.101,-0.119,1.123,7.961,2.399,4.350,3.821,2.602,8.796,9.213,8.252,9.323,5.007,4.787
8.894,5.564,0.852,4.453,8.572,1.587,3.243,5.676,3.203,4.875,0.276,3.646,5.972,1.282,2.602,0.278,0.058,-0.089,1.266,7.702,2.334,4.218,3.794,2.600,8.855,9.018,8.156,9.340,4.917,4.784
9.020,5.549,0.875,4.368,8.676,1.491,3.237,5.579,3.036,4.828,0.354,3.637,5.904,1.325,2.593,0.382,0.002,-0.068,1.344,7.710,2.386,4.228,3.800,2.550,8.985,9.060,8.235,9.353,4.917,4.752
8.977,5.775,0.926,4.383,8.731,1.495,3.220,5.549,3.155,4.889,0.214,3.612,6.024,1.260,2.676,0.486,-0.127,-0.233,1.251,7.926,2.268,4.119,3.884,2.626,8.796,8.970,8.319,9.391,5.066,4.742
8.928,5.694,0.857,4.528,8.637,1.514,3.192,5.688,3.240,4.856,0.350,3.617,6.071,1.403,2.656,0.257,0.109,-0.121,1.232,7.848,2.288,4.133,3.829,2.546,8.960,9.084,8.363,9.488,4.994,4.694
9.074,5.530,0.878,4.411,8.692,1.417,3.186,5.567,3.033,4.714,0.451,3.714,5.921,1.368,2.534,0.460,0.030,-0.058,1.393,7.789,2.360,4.154,3.809,2.581,8.940,9.060,8.201,9.361,4.869,4.702
9.046,5.519,0.844,4.367,8.716,1.453,3.168,5.579,3.012,4.751,0.483,3.712,5.907,1.328,2.524,0.413,0.019,-0.084,1.431,7.775,2.353,4.174,3.850,2.547,8.930,9.094,8.208,9.401,4.880,4.746
8.932,5.805,0.902,4.453,8.634,1.427,3.195,5.793,3.191,4.896,0.347,3.638,6.077,1.464,2.651,0.310,0.071,-0.206,1.120,7.935,2.376,4.123,3.901,2.528,8.874,9.018,8.365,9.484,5.033,4.719
8.936,5.434,0.891,4.483,8.672,1.532,3.249,5.480,3.105,5.000,0.297,3.629,5.935,1.250,2.728,0.236,0.086,-0.183,1.462,7.626,2.271,4.136,3.822,2.556,8.793,9.098,8.091,9.280,5.042,4.833
8.769,5.492,0.794,4.519,8.557,1.494,3.362,5.549,3.091,5.034,0.356,3.660,5.918,1.276,2.652,0.358,0.107,-0.235,1.400,7.641,2.201,4.091,3.898,2.455,8.915,9.106,8.126,9.196,4.935,4.725
8.963,5.466,0.804,4.494,8.633,1.605,3.269,5.493,3.122,5.039,0.339,3.604,5.933,1.276,2.745,0.251,0.086,-0.180,1.471,7.654,2.265,4.182,3.889,2.567,8.866,9.119,8.128,9.291,4.957,4.816
8.779,5.633,0.758,4.512,8.800,1.699,3.086,5.668,3.224,4.912,0.310,3.738,6.073,1.523,2.735,0.096,0.121,-0.004,1.277,7.869,2.466,4.172,3.590,2.567,8.829,9.141,8.582,9.364,5.048,4.702
8.785,5.593,0.757,4.538,8.841,1.730,3.042,5.654,3.220,4.882,0.293,3.718,6.046,1.481,2.738,0.123,0.164,0.045,1.227,7.897,2.461,4.163,3.609,2.557,8.787,9.115,8.563,9.325,5.061,4.719
8.791,5.635,0.801,4.548,8.802,1.723,3.126,5.632,3.226,4.931,0.354,3.703,6.013,1.514,2.703,0.099,0.169,0.008,1.274,7.835,2.442,4.159,3.641,2.563,8.763,9.109,8.567,9.404,5.113,4.741
8.788,5.640,0.773,4.498,8.817,1.747,3.128,5.613,3.202,4.898,0.393,3.737,5.977,1.542,2.692,0.120,0.168,-0.038,1.284,7.809,2.407,4.146,3.622,2.529,8.740,9.061,8.552,9.412,5.125,4.741
8.768,5.574,0.793,4.565,8.816,1.660,3.133,5.627,3.277,4.886,0.455,3.778,5.986,1.507,2.705,0.057,0.085,0.081,1.241,7.942,2.494,4.185,3.591,2.510,8.768,9.039,8.455,9.458,5.132,4.744
8.752,5.678,0.767,4.559,8.856,1.668,3.192,5.716,3.236,4.916,0.371,3.687,6.016,1.603,2.718,0.056,0.129,0.029,1.318,7.867,2.479,4.182,3.641,2.504,8.737,9.145,8.600,9.499,5.152,4.736
8.783,5.735,0.710,4.527,8.819,1.645,3.135,5.600,3.316,4.837,0.426,3.720,6.057,1.642,2.663,-0.004,0.140,0.066,1.261,7.895,2.534,4.296,3.533,2.540,8.732,9.127,8.470,9.416,5.069,4.723
8.795,5.696,0.758,4.494,8.866,1.629,3.120,5.584,3.314,4.852,0.405,3.754,6.033,1.646,2.706,-0.019,0.189,0.047,1.263,7.909,2.582,4.290,3.521,2.495,8.762,9.105,8.508,9.433,5.042,4.709
8.855,5.625,0.873,4.471,8.953,1.701,3.258,5.550,3.338,4.952,0.329,3.795,5.983,1.522,2.741,0.158,0.106,0.012,1.235,7.846,2.450,4.111,3.476,2.601,8.705,9.028,8.478,9.447,5.102,4.647
8.790,5.671,0.912,4.511,8.896,1.723,3.103,5.567,3.373,4.910,0.368,3.750,5.922,1.614,2.689,0.178,0.184,0.019,1.328,7.828,2.631,4.264,3.503,2.451,8.834,9.094,8.475,9.467,4.999,4.751
8.825,5.680,0.944,4.533,8.871,1.675,3.149,5.608,3.326,4.896,0.354,3.715,5.900,1.605,2.679,0.215,0.143,0.031,1.355,7.809,2.627,4.231,3.524,2.408,8.837,9.088,8.523,9.435,4.981,4.778
8.823,5.615,0.897,4.509,8.900,1.734,3.072,5.610,3.435,4.892,0.316,3.733,5.868,1.615,2.687,0.123,0.181,-0.074,1.422,7.841,2.470,4.251,3.464,2.433,8.830,9.075,8.481,9.404,4.982,4.670
8.790,5.652,0.917,4.476,8.909,1.696,3.137,5.605,3.295,4.975,0.454,3.849,5.901,1.569,2.702,0.175,0.217,0.030,1.508,7.769,2.556,4.269,3.569,2.502,8.950,9.081,8.597,9.449,5.016,4.710
8.741,5.581,0.862,4.496,8.823,1.753,3.189,5.629,3.291,4.960,0.476,3.794,5.871,1.573,2.713,0.135,0.141,-0.001,1.447,7.808,2.462,4.248,3.503,2.488,8.947,9.068,8.554,9.440,4.929,4.815
8.801,5.572,0.919,4.470,8.865,1.662,3.114,5.623,3.321,4.956,0.493,3.861,5.857,1.566,2.722,0.172,0.256,0.015,1.589,7.809,2.628,4.316,3.577,2.487,8.899,9.151,8.675,9.475,4.966,4.685
8.818,5.649,0.802,4.515,8.898,1.798,3.272,5.599,3.262,4.941,0.481,3.796,5.891,1.578,2.691,0.160,0.154,-0.061,1.459,7.808,2.502,4.247,3.502,2.525,8.958,9.042,8.490,9.466,4.921,4.856
8.767,5.577,0.964,4.518,8.883,1.612,3.161,5.603,3.404,4.925,0.507,3.852,5.879,1.579,2.747,0.210,0.294,-0.048,1.650,7.735,2.647,4.339,3.594,2.474,8.958,9.224,8.639,9.430,4.972,4.704
8.895,5.721,0.974,4.491,8.863,1.616,3.231,5.599,3.434,4.980,0.487,3.781,6.036,1.524,2.762,0.215,0.238,-0.048,1.476,7.685,2.670,4.253,3.626,2.429,8.904,9.028,8.620,9.359,5.005,4.661
8.887,5.654,0.719,4.590,8.917,1.847,3.253,5.620,3.270,4.997,0.602,3.775,5.903,1.654,2.658,0.146,0.143,-0.058,1.493,7.817,2.565,4.271,3.495,2.416,8.941,9.129,8.543,9.427,4.854,4.829
8.722,5.642,0.891,4.371,8.900,1.692,3.073,5.631,3.284,5.055,0.437,3.870,5.855,1.531,2.751,0.257,0.193,0.002,1.619,7.769,2.662,4.259,3.483,2.442,8.910,9.121,8.649,9.451,5.007,4.679
8.714,5.653,0.933,4.326,8.908,1.714,3.042,5.609,3.257,5.015,0.455,3.849,5.822,1.490,2.750,0.292,0.176,0.017,1.603,7.800,2.634,4.296,3.495,2.422,8.924,9.121,8.672,9.477,5.029,4.658
8.721,5.622,0.884,4.346,8.927,1.713,3.072,5.636,3.248,5.004,0.481,3.856,5.814,1.458,2.738,0.264,0.184,0.030,1.622,7.822,2.611,4.257,3.522,2.462,8.929,9.165,8.673,9.438,5.029,4.657
8.742,5.739,0.880,4.421,8.912,1.729,3.052,5.628,3.371,5.065,0.442,3.923,5.810,1.501,2.760,0.212,0.132,-0.026,1.607,7.809,2.693,4.284,3.427,2.396,8.891,9.120,8.581,9.439,5.063,4.711
8.759,5.547,0.884,4.411,8.881,1.749,3.051,5.670,3.330,5.045,0.372,3.777,5.756,1.421,2.753,0.235,0.285,-0.091,1.572,7.708,2.655,4.201,3.453,2.476,8.976,9.138,8.674,9.389,5.062,4.653
8.667,5.575,0.886,4.323,8.895,1.648,3.028,5.669,3.273,5.106,0.547,3.957,5.889,1.436,2.748,0.296,0.175,0.063,1.581,7.703,2.633,4.292,3.555,2.439,9.004,9.150,8.759,9.490,4.990,4.641
8.801,5.682,0.969,4.434,8.902,1.612,3.031,5.656,3.303,5.149,0.339,3.796,5.868,1.346,2.809,0.188,0.179,-0.070,1.439,7.678,2.686,4.310,3.407,2.401,8.847,9.007,8.668,9.472,4.929,4.532
8.768,5.668,0.981,4.414,8.863,1.588,3.070,5.642,3.266,5.185,0.379,3.843,5.915,1.305,2.806,0.185,0.140,-0.076,1.475,7.697,2.675,4.311,3.365,2.436,8.839,9.038,8.660,9.440,4.969,4.485
8.762,5.682,1.007,4.448,8.850,1.600,3.116,5.659,3.307,5.195,0.360,3.857,5.940,1.349,2.842,0.175,0.138,-0.049,1.480,7.699,2.634,4.334,3.358,2.416,8.835,9.078,8.626,9.447,5.004,4.452
8.748,5.652,1.052,4.444,8.868,1.633,3.061,5.693,3.259,5.127,0.276,3.863,5.892,1.368,2.770,0.151,0.276,-0.123,1.498,7.688,2.780,4.355,3.323,2.337,8.857,9.022,8.618,9.459,4.919,4.488
8.925,5.462,0.719,4.334,8.993,1.697,2.950,5.456,3.252,4.957,0.368,3.841,6.033,1.449,2.724,0.317,0.191,0.034,1.636,7.849,2.547,4.055,3.614,2.402,8.768,9.077,8.715,9.489,5.034,4.810
8.771,5.600,1.081,4.506,8.851,1.652,3.028,5.696,3.258,5.039,0.264,3.845,5.898,1.356,2.776,0.158,0.307,-0.187,1.543,7.620,2.800,4.283,3.367,2.271,8.824,9.003,8.621,9.414,4.929,4.415
8.793,5.661,1.002,4.358,9.085,1.656,3.184,5.828,3.403,5.052,0.237,3.780,5.664,1.510,2.884,0.305,0.369,0.079,1.498,7.555,2.711,4.017,3.270,2.589,8.978,9.048,8.766,9.364,5.079,4.770
8.731,5.685,0.998,4.365,8.821,1.523,3.210,5.687,3.361,5.256,0.143,3.828,6.039,1.332,2.948,0.346,0.098,0.027,1.463,7.746,2.692,4.323,3.471,2.360,8.744,9.057,8.619,9.494,5.142,4.590
8.725,5.756,1.003,4.392,8.853,1.574,3.224,5.695,3.320,5.275,0.198,3.851,5.929,1.385,2.909,0.321,0.081,-0.018,1.583,7.712,2.659,4.334,3.422,2.435,8.727,8.996,8.623,9.416,5.077,4.577
8.787,5.655,0.976,4.367,9.183,1.658,3.156,5.758,3.372,5.012,0.282,3.759,5.687,1.551,2.972,0.288,0.355,0.045,1.571,7.460,2.753,3.976,3.243,2.512,8.968,9.105,8.762,9.377,5.095,4.749
8.805,5.617,1.057,4.409,9.210,1.696,3.172,5.817,3.384,5.050,0.195,3.772,5.671,1.573,2.906,0.318,0.403,0.055,1.508,7.605,2.759,4.068,3.238,2.616,9.115,9.124,8.759,9.368,4.949,4.760
8.851,5.720,0.953,4.373,9.145,1.600,3.168,5.825,3.338,5.082,0.221,3.738,5.679,1.483,2.813,0.309,0.387,0.053,1.507,7.619,2.735,4.025,3.311,2.556,9.099,9.106,8.716,9.384,5.094,4.814
8.746,5.622,1.000,4.431,8.822,1.605,3.230,5.694,3.325,5.141,0.175,3.870,6.031,1.259,2.925,0.391,0.015,0.006,1.480,7.684,2.639,4.281,3.555,2.462,8.841,8.941,8.730,9.383,5.071,4.654
8.752,5.635,1.002,4.333,8.840,1.584,3.288,5.702,3.398,5.187,0.123,3.987,5.966,1.287,2.976,0.331,0.075,-0.046,1.349,7.673,2.715,4.267,3.583,2.391,8.785,8.977,8.787,9.342,5.210,4.651
8.717,5.662,0.985,4.379,8.824,1.544,3.312,5.667,3.350,5.207,0.117,4.034,5.984,1.289,3.005,0.303,0.111,-0.086,1.395,7.708,2.762,4.275,3.580,2.431,8.798,8.991,8.801,9.337,5.188,4.616
8.771,5.735,1.047,4.306,8.822,1.542,3.085,5.677,3.276,5.310,0.167,3.818,5.970,1.381,2.938,0.259,0.035,0.050,1.541,7.580,2.794,4.433,3.453,2.485,8.735,9.105,8.604,9.427,5.091,4.606
8.786,5.764,0.982,4.340,8.726,1.636,3.242,5.720,3.421,5.109,0.145,3.883,5.904,1.238,3.006,0.344,0.097,-0.019,1.410,7.633,2.659,4.197,3.584,2.536,8.891,8.859,8.788,9.366,5.182,4.648
8.774,5.790,1.021,4.332,8.750,1.633,3.279,5.739,3.452,5.126,0.144,3.904,5.907,1.235,2.997,0.320,0.125,-0.059,1.384,7.609,2.627,4.235,3.552,2.498,8.849,8.855,8.767,9.355,5.163,4.687
8.823,5.734,1.061,4.493,8.865,1.586,3.342,5.632,3.260,4.985,0.181,3.840,6.074,1.285,2.959,0.444,0.022,-0.079,1.499,7.779,2.651,4.194,3.540,2.413,8.785,9.038,8.754,9.383,5.118,4.650
8.808,5.687,1.026,4.475,8.891,1.551,3.358,5.609,3.238,4.985,0.172,3.863,6.119,1.326,3.007,0.466,0.058,-0.059,1.502,7.806,2.608,4.222,3.510,2.422,8.766,9.018,8.803,9.427,5.082,4.627
8.826,5.795,1.129,4.521,8.786,1.531,3.298,5.577,3.274,4.994,0.203,3.820,6.075,1.233,2.986,0.475,0.012,-0.062,1.512,7.780,2.651,4.136,3.552,2.409,8.787,9.071,8.808,9.358,5.172,4.677
8.821,5.663,0.964,4.332,8.717,1.645,3.159,5.717,3.455,5.116,0.146,3.778,5.984,1.102,2.988,0.427,0.097,0.008,1.348,7.672,2.722,4.094,3.669,2.485,8.993,8.889,8.854,9.446,5.206,4.552
8.681,5.624,1.113,4.500,8.870,1.444,3.346,5.625,3.196,4.985,0.052,3.893,6.120,1.352,2.931,0.439,0.031,0.061,1.526,7.821,2.602,4.257,3.591,2.437,8.742,9.056,8.791,9.388,5.017,4.560
8.809,5.682,1.018,4.327,8.670,1.649,3.160,5.787,3.391,5.144,0.165,3.833,5.977,1.082,3.052,0.443,0.074,0.023,1.370,7.679,2.730,4.094,3.731,2.432,8.932,8.912,8.826,9.460,5.184,4.565
8.838,5.621,0.926,4.470,8.815,1.480,3.378,5.688,3.297,4.980,0.173,3.955,6.111,1.402,3.021,0.463,0.064,-0.036,1.519,7.819,2.591,4.190,3.502,2.437,8.729,9.145,8.817,9.367,4.979,4.566
8.799,5.652,1.004,4.403,8.836,1.537,3.360,5.646,3.233,4.994,0.198,3.984,6.087,1.444,3.024,0.408,0.074,-0.091,1.525,7.830,2.601,4.131,3.529,2.472,8.807,9.080,8.808,9.440,4.969,4.585
8.732,5.659,1.107,4.458,8.918,1.494,3.326,5.615,3.282,4.995,0.119,3.939,6.143,1.288,2.914,0.467,0.049,0.107,1.557,7.747,2.504,4.205,3.640,2.429,8.735,9.040,8.885,9.477,5.026,4.594
8.846,5.735,0.929,4.341,8.842,1.529,3.310,5.640,3.261,5.065,0.252,4.067,6.025,1.525,2.996,0.350,0.012,-0.120,1.545,7.844,2.619,4.120,3.539,2.461,8.812,9.038,8.804,9.385,4.987,4.552
8.835,5.686,0.960,4.308,8.869,1.495,3.279,5.633,3.213,5.050,0.211,4.092,6.028,1.567,3.014,0.356,0.042,-0.115,1.537,7.797,2.572,4.146,3.557,2.414,8.800,9.059,8.825,9.423,4.949,4.538
8.752,5.504,0.904,4.558,8.669,1.482,3.450,5.657,3.211,4.928,0.098,3.966,6.171,1.415,3.002,0.439,0.167,-0.078,1.471,7.794,2.549,4.151,3.441,2.595,8.817,9.118,8.783,9.390,4.953,4.551
8.791,5.497,0.878,4.540,8.651,1.460,3.416,5.650,3.189,4.950,0.106,3.953,6.214,1.436,2.990,0.451,0.212,-0.059,1.496,7.809,2.576,4.149,3.401,2.631,8.825,9.142,8.799,9.356,4.952,4.527
8.762,5.704,1.034,4.324,8.872,1.550,3.267,5.606,3.179,5.119,0.176,4.095,6.052,1.599,3.038,0.344,0.110,-0.038,1.465,7.886,2.615,4.068,3.538,2.374,8.708,9.013,8.836,9.486,4.929,4.550
8.722,5.689,0.987,4.357,8.830,1.503,3.294,5.617,3.216,5.114,0.172,4.106,6.094,1.564,3.079,0.356,0.065,-0.051,1.446,7.882,2.584,4.037,3.526,2.402,8.663,8.990,8.844,9.439,4.967,4.561
8.713,5.653,0.984,4.365,8.802,1.546,3.306,5.621,3.236,5.122,0.141,4.074,6.130,1.569,3.116,0.393,0.063,-0.090,1.451,7.925,2.595,4.077,3.481,2.416,8.706,9.004,8.841,9.477,4.928,4.540
8.733,5.762,1.107,4.337,8.877,1.493,3.214,5.646,3.199,5.100,0.222,4.068,5.943,1.573,2.977,0.312,0.139,0.028,1.452,7.796,2.632,4.152,3.581,2.386,8.757,9.076,8.814,9.488,4.872,4.624
8.915,5.692,0.986,4.407,8.756,1.506,3.335,5.505,3.349,5.076,0.295,4.069,5.899,1.492,3.128,0.424,-0.002,-0.125,1.477,7.982,2.776,4.272,3.568,2.419,8.780,9.065,8.755,9.375,5.040,4.576
8.805,5.778,0.971,4.250,8.670,1.538,3.289,5.580,3.445,5.229,0.287,4.122,6.040,1.502,3.160,0.399,-0.109,-0.040,1.603,7.909,2.747,4.337,3.513,2.391,8.655,9.029,8.733,9.546,4.953,4.554
8.869,5.660,0.978,4.385,8.727,1.597,3.202,5.596,3.375,5.181,0.245,4.092,5.940,1.460,3.146,0.396,-0.054,-0.062,1.554,7.910,2.692,4.285,3.602,2.410,8.769,9.079,8.739,9.377,4.975,4.595
8.843,5.705,0.932,4.363,8.757,1.620,3.225,5.616,3.374,5.139,0.242,4.110,5.928,1.440,3.156,0.398,-0.074,-0.018,1.581,7.865,2.723,4.313,3.615,2.431,8.817,9.124,8.756,9.415,4.926,4.614
8.802,5.809,0.976,4.296,8.752,1.504,3.405,5.599,3.437,5.125,0.244,4.227,6.093,1.431,3.204,0.432,-0.067,-0.113,1.549,7.914,2.793,4.365,3.515,2.437,8.692,8.963,8.665,9.499,4.940,4.602
8.769,5.659,0.907,4.375,8.798,1.607,3.194,5.532,3.466,5.014,0.264,4.128,6.037,1.403,3.146,0.444,-0.040,-0.026,1.501,7.906,2.800,4.324,3.626,2.352,8.672,9.110,8.773,9.385,5.116,4.606
8.917,5.752,1.034,4.477,8.711,1.562,3.308,5.484,3.288,5.149,0.231,4.092,5.803,1.328,2.999,0.453,0.011,-0.024,1.486,7.768,2.825,4.322,3.559,2.415,8.850,9.081,8.737,9.512,4.886,4.581
8.916,5.737,1.065,4.490,8.726,1.525,3.273,5.449,3.249,5.144,0.210,4.140,5.841,1.333,2.958,0.488,-0.019,0.005,1.451,7.749,2.859,4.301,3.521,2.386,8.821,9.100,8.687,9.493,4.842,4.579
8.903,5.686,0.915,4.319,8.633,1.596,3.285,5.668,3.358,5.180,0.216,4.118,5.818,1.401,3.206,0.400,0.002,0.015,1.508,7.789,2.707,4.422,3.554,2.374,8.708,9.141,8.694,9.382,4.863,4.676
8.911,5.830,0.860,4.277,8.591,1.580,3.202,5.585,3.325,5.089,0.252,4.122,5.696,1.367,3.176,0.487,-0.004,-0.055,1.604,7.856,2.687,4.304,3.624,2.362,8.746,9.127,8.648,9.361,4.930,4.648
8.812,5.825,0.970,4.532,8.684,1.475,3.310,5.397,3.250,5.151,0.341,4.151,5.739,1.258,2.873,0.396,0.028,0.003,1.547,7.838,2.844,4.513,3.656,2.385,8.871,9.208,8.764,9.570,4.848,4.631
8.932,5.800,0.829,4.293,8.535,1.640,3.208,5.610,3.377,5.131,0.234,4.132,5.741,1.419,3.174,0.465,0.030,-0.100,1.589,7.784,2.649,4.391,3.605,2.337,8.796,9.190,8.610,9.336,4.960,4.695
9.016,5.692,0.953,4.445,8.669,1.641,3.205,5.785,3.333,5.206,0.141,4.140,5.808,1.422,3.227,0.456,0.169,0.134,1.537,7.759,2.713,4.411,3.522,2.375,8.777,9.102,8.680,9.329,4.805,4.577
8.911,5.769,0.771,4.235,8.534,1.609,3.255,5.612,3.296,5.181,0.218,4.162,5.742,1.280,3.130,0.445,0.036,-0.084,1.610,7.781,2.651,4.372,3.649,2.374,8.785,9.176,8.556,9.323,4.996,4.767
8.908,5.801,0.913,4.485,8.734,1.434,3.287,5.430,3.246,5.174,0.355,4.077,5.778,1.268,2.907,0.374,-0.071,-0.026,1.614,7.773,2.754,4.495,3.578,2.468,8.979,9.214,8.801,9.597,4.826,4.586
8.900,5.827,0.896,4.464,8.754,1.458,3.314,5.405,3.280,5.165,0.350,4.083,5.806,1.258,2.884,0.391,-0.086,-0.059,1.575,7.801,2.738,4.541,3.566,2.440,8.975,9.178,8.786,9.606,4.804,4.583
8.911,5.770,0.863,4.494,8.769,1.475,3.207,5.385,3.245,5.169,0.348,4.070,5.769,1.285,2.918,0.384,-0.030,-0.050,1.641,7.716,2.770,4.500,3.641,2.442,8.966,9.190,8.754,9.613,4.825,4.545
8.952,5.878,0.903,4.426,8.816,1.486,3.288,5.416,3.263,5.199,0.393,4.101,5.812,1.255,2.867,0.401,-0.099,-0.064,1.527,7.741,2.727,4.580,3.522,2.422,8.938,9.128,8.771,9.626,4.804,4.551
8.954,5.907,0.856,4.430,8.798,1.465,3.239,5.406,3.288,5.210,0.432,4.108,5.782,1.304,2.871,0.354,-0.098,-0.030,1.516,7.736,2.728,4.539,3.569,2.407,8.898,9.177,8.753,9.591,4.818,4.562
8.939,5.870,0.887,4.479,8.814,1.500,3.216,5.427,3.319,5.189,0.398,4.156,5.754,1.350,2.874,0.365,-0.131,-0.007,1.531,7.768,2.679,4.557,3.588,2.448,8.894,9.219,8.763,9.563,4.798,4.529
8.916,5.822,0.802,4.340,8.720,1.416,3.240,5.407,3.277,5.019,0.361,4.047,5.673,1.252,2.871,0.419,-0.172,-0.000,1.497,7.725,2.646,4.457,3.685,2.445,8.888,9.137,8.797,9.573,4.878,4.661
8.970,5.815,0.870,4.360,8.599,1.401,3.349,5.409,3.334,5.014,0.333,4.048,5.732,1.223,2.852,0.464,-0.082,0.006,1.538,7.772,2.682,4.500,3.733,2.420,8.843,9.287,8.744,9.504,4.752,4.667
8.915,5.731,0.778,4.290,8.813,1.359,3.212,5.454,3.328,5.022,0.333,4.089,5.720,1.221,2.869,0.406,-0.185,0.003,1.525,7.688,2.724,4.437,3.687,2.412,8.901,9.146,8.816,9.545,4.879,4.714
8.820,5.826,0.849,4.368,8.763,1.416,3.172,5.450,3.193,5.073,0.288,4.043,5.704,1.166,2.946,0.511,-0.130,-0.064,1.563,7.739,2.713,4.358,3.773,2.452,8.834,9.178,8.790,9.563,4.819,4.738
8.824,5.869,0.897,4.335,8.760,1.369,3.140,5.488,3.198,5.038,0.302,4.055,5.711,1.178,2.969,0.549,-0.089,-0.076,1.545,7.721,2.737,4.407,3.740,2.467,8.798,9.195,8.749,9.563,4.825,4.725
8.754,5.801,0.876,4.363,8.719,1.405,3.251,5.461,3.196,4.968,0.236,3.852,5.689,1.230,2.923,0.491,-0.135,-0.066,1.579,7.603,2.711,4.440,3.635,2.486,8.809,9.142,8.786,9.657,4.870,4.588
8.739,5.845,0.830,4.388,8.771,1.386,3.248,5.540,3.295,5.003,0.245,3.911,5.677,1.274,2.947,0.453,-0.135,-0.035,1.468,7.587,2.661,4.418,3.558,2.498,8.775,9.062,8.794,9.672,4.908,4.605
8.725,5.868,0.812,4.323,8.823,1.279,3.252,5.567,3.202,4.990,0.334,3.793,5.702,1.312,2.931,0.445,-0.111,-0.037,1.546,7.594,2.625,4.364,3.629,2.535,8.767,9.043,8.824,9.705,4.943,4.545
8.855,5.701,0.856,4.242,8.729,1.441,3.079,5.446,3.271,5.054,0.283,4.132,5.525,1.278,2.865,0.401,-0.137,0.062,1.376,7.558,2.632,4.577,3.824,2.476,8.791,9.165,8.741,9.552,4.980,4.635
8.719,5.894,0.809,4.279,8.820,1.294,3.238,5.543,3.208,4.927,0.286,3.834,5.701,1.332,2.922,0.493,-0.203,0.024,1.556,7.612,2.663,4.364,3.644,2.544,8.811,8.987,8.780,9.646,4.940,4.578
8.836,5.756,0.869,4.252,8.643,1.437,3.095,5.467,3.269,4.975,0.335,4.126,5.572,1.299,2.886,0.328,-0.092,0.089,1.367,7.584,2.667,4.654,3.836,2.476,8.812,9.162,8.799,9.519,4.999,4.608
8.797,5.656,0.859,4.219,8.746,1.517,2.963,5.514,3.406,5.068,0.291,4.125,5.521,1.315,2.824,0.444,-0.143,0.075,1.336,7.630,2.638,4.568,3.868,2.564,8.827,9.080,8.861,9.558,5.037,4.594
8.793,5.635,0.902,4.185,8.728,1.536,2.973,5.542,3.436,5.110,0.319,4.139,5.479,1.336,2.777,0.408,-0.113,0.125,1.322,7.648,2.630,4.572,3.843,2.589,8.833,9.121,8.900,9.550,5.061,4.604
8.853,5.735,0.849,4.329,8.649,1.538,3.140,5.490,3.263,5.068,0.278,4.047,5.634,1.356,2.807,0.368,-0.066,0.086,1.324,7.550,2.630,4.621,3.845,2.584,8.838,9.228,8.807,9.550,4.990,4.658
8.802,5.683,0.889,4.223,8.717,1.513,2.891,5.416,3.394,5.069,0.256,4.102,5.565,1.337,2.846,0.526,-0.121,0.076,1.366,7.590,2.734,4.536,3.783,2.580,8.774,9.139,8.872,9.444,4.962,4.586
8.712,5.613,0.820,4.296,8.731,1.436,2.934,5.402,3.456,5.024,0.294,4.117,5.668,1.374,2.953,0.454,-0.161,0.140,1.338,7.679,2.696,4.591,3.875,2.566,8.789,9.047,8.911,9.452,5.095,4.572
8.830,5.543,0.846,4.336,8.846,1.472,2.849,5.389,3.445,5.102,0.244,4.169,5.578,1.310,2.899,0.481,-0.223,0.122,1.358,7.686,2.815,4.560,3.873,2.544,8.738,9.061,8.853,9.351,5.067,4.609
8.746,5.541,0.878,4.338,8.795,1.418,2.930,5.422,3.450,5.070,0.200,4.165,5.628,1.308,2.983,0.500,-0.201,0.183,1.382,7.680,2.783,4.683,3.934,2.562,8.705,9.016,8.857,9.431,5.158,4.563
8.801,5.561,0.783,4.297,8.749,1.491,2.856,5.440,3.475,5.089,0.326,4.201,5.662,1.414,3.010,0.451,-0.153,0.105,1.389,7.609,2.670,4.512,3.863,2.595,8.656,9.036,8.962,9.464,5.049,4.552
8.685,5.973,0.698,4.468,8.957,1.269,3.402,5.617,3.293,4.995,0.362,3.947,5.783,1.426,2.804,0.617,-0.252,0.038,1.661,7.529,2.604,4.497,3.537,2.588,8.831,9.029,8.700,9.665,5.022,4.718
8.729,5.946,0.740,4.414,8.871,1.270,3.412,5.546,3.359,5.005,0.352,3.963,5.880,1.360,2.842,0.620,-0.184,-0.051,1.582,7.552,2.603,4.419,3.501,2.665,8.831,9.000,8.779,9.692,4.994,4.712
8.823,5.543,0.849,4.316,8.760,1.559,2.859,5.426,3.510,5.007,0.346,4.215,5.590,1.447,3.047,0.445,-0.193,0.090,1.358,7.624,2.650,4.509,3.943,2.580,8.665,9.083,8.937,9.525,5.071,4.504
8.785,5.554,0.862,4.275,8.739,1.526,2.854,5.469,3.549,4.986,0.305,4.206,5.580,1.474,3.044,0.473,-0.202,0.137,1.324,7.637,2.605,4.512,3.893,2.534,8.643,9.077,8.935,9.568,5.049,4.539
8.633,5.590,0.989,4.386,8.769,1.338,2.933,5.495,3.480,4.942,0.362,4.240,5.536,1.373,2.956,0.370,-0.237,0.058,1.327,7.777,2.733,4.551,3.922,2.493,8.853,8.969,8.915,9.210,5.099,4.528
8.906,5.496,0.926,4.333,8.792,1.590,2.847,5.530,3.463,4.994,0.334,4.165,5.589,1.445,3.054,0.494,-0.186,0.172,1.323,7.732,2.618,4.554,3.964,2.589,8.653,9.089,8.959,9.609,5.070,4.459
8.744,5.507,0.808,4.267,8.734,1.483,2.785,5.485,3.592,5.005,0.334,4.195,5.579,1.470,3.093,0.455,-0.232,0.144,1.345,7.637,2.480,4.584,3.952,2.533,8.680,9.021,8.952,9.589,5.069,4.471
8.827,5.645,0.903,4.263,8.665,1.563,2.791,5.342,3.618,4.929,0.317,4.130,5.614,1.516,3.063,0.524,-0.315,0.142,1.415,7.647,2.665,4.587,3.903,2.665,8.689,9.043,8.902,9.664,4.974,4.495
8.662,5.859,0.823,4.358,8.907,1.195,3.546,5.487,3.336,5.154,0.330,3.985,5.951,1.401,2.771,0.624,-0.182,-0.094,1.525,7.500,2.489,4.623,3.658,2.573,8.921,9.176,8.914,9.663,5.062,4.850
8.914,5.375,0.886,4.278,8.724,1.687,2.928,5.541,3.395,5.042,0.331,4.213,5.544,1.528,2.970,0.550,-0.181,0.119,1.340,7.751,2.641,4.548,3.957,2.536,8.571,8.973,8.978,9.655,5.008,4.486
8.872,5.420,0.907,4.295,8.723,1.652,2.883,5.538,3.400,5.019,0.358,4.262,5.523,1.576,2.988,0.525,-0.203,0.163,1.291,7.744,2.600,4.508,3.970,2.506,8.531,8.981,9.020,9.605,4.994,4.475
8.839,5.400,0.884,4.284,8.732,1.643,2.885,5.562,3.353,5.024,0.312,4.220,5.540,1.559,3.019,0.494,-0.219,0.128,1.252,7.741,2.588,4.484,3.954,2.522,8.531,9.031,9.003,9.561,4.987,4.482
8.826,5.350,0.925,4.249,8.733,1.667,2.901,5.513,3.381,5.037,0.340,4.186,5.575,1.589,3.009,0.527,-0.254,0.124,1.281,7.772,2.616,4.532,3.943,2.550,8.496,9.052,9.025,9.544,4.967,4.461
8.908,5.454,0.877,4.291,8.723,1.623,2.834,5.514,3.316,4.997,0.311,4.219,5.543,1.550,3.099,0.476,-0.165,0.131,1.254,7.747,2.579,4.541,4.031,2.615,8.511,9.034,9.050,9.596,5.013,4.499
8.767,5.331,0.892,4.253,8.748,1.657,2.961,5.484,3.416,5.028,0.390,4.141,5.571,1.530,3.015,0.547,-0.292,0.086,1.250,7.786,2.535,4.528,3.930,2.593,8.478,9.047,9.089,9.515,5.041,4.442
9.001,5.464,0.846,4.241,8.727,1.601,2.822,5.533,3.306,5.009,0.308,4.214,5.527,1.522,3.074,0.457,-0.110,0.177,1.270,7.664,2.583,4.508,4.075,2.605,8.536,9.002,9.074,9.641,4.927,4.416
8.825,5.343,0.876,4.265,8.699,1.685,2.953,5.397,3.466,5.061,0.349,4.134,5.546,1.517,3.036,0.538,-0.265,0.075,1.237,7.791,2.513,4.575,3.918,2.559,8.430,9.042,9.097,9.477,5.081,4.374
8.722,5.293,1.088,4.312,8.756,1.603,2.997,5.525,3.444,5.023,0.286,4.297,5.604,1.592,3.042,0.569,-0.142,0.183,1.410,7.721,2.637,4.462,4.026,2.502,8.555,9.023,9.081,9.638,4.914,4.421
8.801,5.273,1.004,4.244,8.756,1.688,2.946,5.566,3.408,5.059,0.343,4.090,5.610,1.610,2.982,0.528,-0.170,0.108,1.271,7.845,2.507,4.492,4.004,2.584,8.600,8.972,9.095,9.485,5.071,4.469
8.830,5.237,1.029,4.275,8.728,1.716,2.953,5.582,3.451,5.042,0.370,4.063,5.651,1.578,2.994,0.509,-0.120,0.151,1.275,7.872,2.485,4.533,3.955,2.609,8.576,8.994,9.069,9.532,5.104,4.441
8.799,5.305,1.000,4.223,8.756,1.762,2.925,5.566,3.358,5.086,0.282,4.087,5.576,1.638,2.910,0.516,-0.173,0.079,1.229,7.825,2.491,4.536,3.970,2.596,8.600,8.948,9.100,9.434,5.070,4.418
8.778,5.341,1.129,4.313,8.696,1.527,3.073,5.451,3.384,4.996,0.296,4.195,5.595,1.594,3.104,0.568,-0.134,0.088,1.420,7.742,2.513,4.521,4.118,2.503,8.498,9.113,9.138,9.647,4.895,4.441
8.758,5.373,1.093,4.349,8.662,1.549,3.099,5.449,3.366,5.029,0.274,4.231,5.625,1.611,3.140,0.571,-0.172,0.124,1.461,7.756,2.501,4.566,4.072,2.484,8.491,9.075,9.175,9.655,4.882,4.421
8.794,5.276,1.065,4.376,8.740,1.534,3.055,5.402,3.436,5.025,0.364,4.256,5.513,1.626,3.085,0.493,-0.107,0.116,1.395,7.739,2.554,4.415,4.082,2.449,8.478,9.144,9.132,9.616,4.995,4.378
8.804,5.442,1.104,4.196,8.705,1.770,3.009,5.496,3.371,5.166,0.304,4.056,5.526,1.666,2.982,0.481,-0.202,0.100,1.151,7.880,2.499,4.573,3.938,2.621,8.605,8.998,9.082,9.420,5.089,4.389
8.754,5.392,1.126,4.202,8.691,1.778,2.991,5.539,3.342,5.127,0.343,4.060,5.542,1.687,2.937,0.477,-0.192,0.094,1.156,7.847,2.471,4.528,3.890,2.595,8.600,8.994,9.089,9.375,5.041,4.358
8.778,5.345,0.900,4.148,8.725,1.745,2.787,5.542,3.332,5.144,0.229,4.072,5.711,1.642,2.898,0.645,-0.220,0.052,1.235,7.915,2.598,4.561,3.984,2.496,8.586,8.968,9.001,9.355,4.899,4.369
8.831,5.242,1.002,4.086,8.800,1.796,2.754,5.542,3.333,5.067,0.218,4.103,5.645,1.742,2.891,0.599,-0.233,0.073,1.262,7.871,2.538,4.545,4.029,2.549,8.526,8.926,9.118,9.332,5.008,4.346
8.886,5.259,0.930,4.207,8.639,1.838,2.735,5.533,3.321,5.062,0.233,4.148,5.796,1.763,2.819,0.663,-0.276,-0.001,1.331,7.831,2.512,4.504,3.992,2.540,8.495,8.982,9.046,9.415,5.028,4.356
8.882,5.308,1.044,4.158,8.752,1.849,2.712,5.611,3.351,5.125,0.338,4.250,5.647,1.803,2.817,0.551,-0.261,0.102,1.380,7.883,2.495,4.512,4.059,2.625,8.519,8.945,9.111,9.242,5.097,4.340
8.865,5.345,1.032,4.193,8.693,1.815,2.750,5.596,3.441,5.063,0.367,4.196,5.784,1.819,2.769,0.479,-0.334,0.054,1.267,7.845,2.460,4.528,4.081,2.601,8.406,8.993,9.055,9.288,5.067,4.317
8.863,5.362,0.986,4.159,8.703,1.831,2.710,5.597,3.481,5.076,0.323,4.212,5.807,1.853,2.747,0.526,-0.308,0.014,1.278,7.815,2.495,4.560,4.068,2.564,8.431,8.983,9.089,9.330,5.033,4.301
8.898,5.360,1.012,4.202,8.730,1.831,2.745,5.572,3.434,5.087,0.357,4.250,5.798,1.855,2.714,0.531,-0.274,-0.024,1.289,7.815,2.470,4.559,4.090,2.525,8.383,8.966,9.071,9.362,5.064,4.302
8.785,5.246,1.081,4.172,8.778,1.915,2.694,5.679,3.483,5.017,0.343,4.174,5.758,1.801,2.803,0.510,-0.280,0.160,1.300,7.739,2.455,4.502,4.057,2.607,8.471,8.920,9.024,9.165,5.145,4.440
8.949,5.401,1.103,4.160,8.722,1.871,2.819,5.564,3.403,5.132,0.357,4.217,5.777,1.919,2.691,0.596,-0.250,-0.026,1.336,7.874,2.555,4.596,4.102,2.556,8.407,8.894,9.046,9.276,5.121,4.333
8.827,5.198,1.068,4.132,8.751,1.903,2.713,5.680,3.513,4.977,0.392,4.098,5.826,1.834,2.788,0.491,-0.355,0.167,1.379,7.727,2.512,4.522,4.059,2.640,8.470,8.882,9.096,9.142,5.145,4.387
8.784,5.219,1.044,4.111,8.740,1.912,2.684,5.659,3.464,5.020,0.376,4.144,5.856,1.851,2.746,0.529,-0.396,0.193,1.377,7.685,2.490,4.505,4.059,2.604,8.448,8.877,9.092,9.180,5.155,4.353
8.755,5.218,1.093,4.137,8.740,1.908,2.640,5.631,3.474,5.063,0.396,4.158,5.835,1.855,2.728,0.571,-0.390,0.170,1.418,7.672,2.494,4.520,4.077,2.589,8.440,8.844,9.109,9.202,5.199,4.369
8.749,5.220,1.134,4.090,8.697,1.918,2.627,5.662,3.440,5.112,0.357,4.185,5.851,1.883,2.733,0.607,-0.432,0.217,1.394,7.649,2.509,4.523,4.037,2.633,8.420,8.836,9.069,9.168,5.198,4.337
8.780,5.222,1.013,4.151,8.730,1.984,2.663,5.658,3.564,5.019,0.361,4.195,5.891,1.885,2.746,0.471,-0.433,0.209,1.440,7.643,2.548,4.597,4.068,2.560,8.455,8.846,9.113,9.278,5.132,4.385
8.923,5.418,1.050,4.199,8.576,1.915,2.704,5.589,3.392,5.103,0.412,4.287,5.917,1.960,2.845,0.733,-0.311,0.082,1.355,7.890,2.529,4.616,4.136,2.528,8.402,8.860,8.972,9.188,5.142,4.291
8.800,5.258,0.990,4.056,8.685,1.813,2.704,5.657,3.406,4.994,0.463,4.056,5.997,1.853,2.691,0.470,-0.405,0.176,1.508,7.577,2.422,4.531,4.111,2.616,8.423,8.869,9.000,9.173,5.033,4.408
8.827,5.221,1.037,4.041,8.692,1.809,2.712,5.622,3.365,5.016,0.490,4.051,6.000,1.824,2.690,0.423,-0.376,0.205,1.493,7.596,2.461,4.578,4.066,2.604,8.411,8.883,9.006,9.196,5.039,4.369
8.780,5.257,1.086,4.045,8.710,1.810,2.700,5.611,3.325,4.995,0.462,4.019,6.018,1.851,2.733,0.387,-0.392,0.157,1.520,7.613,2.452,4.625,4.035,2.566,8.409,8.906,9.039,9.210,5.016,4.407
8.818,5.504,0.987,4.214,8.546,1.824,2.795,5.611,3.251,5.155,0.365,4.352,6.006,1.979,2.889,0.706,-0.309,0.071,1.292,7.839,2.610,4.668,4.108,2.603,8.448,8.812,8.949,9.209,5.083,4.301
8.851,5.290,1.036,4.038,8.793,1.838,2.706,5.608,3.341,4.935,0.493,4.000,6.046,1.774,2.779,0.381,-0.384,0.187,1.545,7.640,2.428,4.587,4.113,2.547,8.369,8.969,9.060,9.231,5.029,4.459
8.896,5.267,1.073,4.058,8.750,1.844,2.719,5.561,3.368,4.912,0.463,3.961,6.073,1.767,2.813,0.373,-0.377,0.193,1.581,7.610,2.473,4.592,4.094,2.544,8.334,9.003,9.013,9.274,5.028,4.469
8.780,5.514,1.009,4.291,8.498,1.778,2.740,5.677,3.249,5.173,0.409,4.325,6.003,1.965,2.853,0.699,-0.295,0.112,1.259,7.927,2.566,4.633,4.063,2.621,8.424,8.839,8.906,9.243,5.105,4.227
8.820,5.481,0.988,4.319,8.523,1.758,2.734,5.629,3.277,5.134,0.436,4.299,6.019,1.976,2.880,0.663,-0.308,0.134,1.300,7.966,2.533,4.602,4.058,2.647,8.416,8.810,8.907,9.222,5.058,4.255
8.866,5.476,0.981,4.368,8.529,1.715,2.706,5.637,3.314,5.127,0.472,4.314,6.000,1.958,2.834,0.712,-0.276,0.142,1.333,7.937,2.562,4.554,4.053,2.659,8.370,8.784,8.861,9.268,5.045,4.285
8.810,5.417,1.016,4.294,8.552,1.806,2.805,5.650,3.324,5.151,0.415,4.288,5.918,1.878,2.914,0.664,-0.268,0.116,1.205,7.895,2.590,4.621,4.041,2.651,8.511,8.861,8.811,9.156,5.115,4.254
8.811,5.419,0.985,4.404,8.474,1.679,2.718,5.610,3.337,5.123,0.466,4.332,5.978,1.929,2.920,0.736,-0.236,0.107,1.350,7.922,2.536,4.536,3.984,2.676,8.289,8.772,8.881,9.253,4.974,4.284
8.805,5.426,0.976,4.416,8.488,1.668,2.715,5.639,3.328,5.081,0.454,4.284,5.995,1.961,2.967,0.782,-0.207,0.136,1.310,7.879,2.520,4.516,4.000,2.631,8.264,8.801,8.883,9.303,5.022,4.279
8.786,5.395,0.950,4.444,8.496,1.632,2.686,5.649,3.283,5.121,0.477,4.305,6.018,1.980,2.973,0.753,-0.255,0.140,1.302,7.875,2.524,4.495,4.005,2.613,8.231,8.780,8.891,9.337,4.978,4.259
8.825,5.364,0.925,4.413,8.451,1.608,2.732,5.696,3.326,5.142,0.503,4.291,6.059,1.951,2.996,0.705,-0.247,0.168,1.328,7.894,2.494,4.516,4.006,2.587,8.233,8.734,8.894,9.292,4.944,4.239
8.754,5.403,1.126,4.304,8.575,1.814,2.898,5.685,3.477,5.180,0.396,4.286,5.774,1.939,2.882,0.633,-0.194,0.074,1.238,7.877,2.601,4.737,4.004,2.694,8.423,8.941,8.804,9.134,5.133,4.237
8.850,5.487,0.906,4.431,8.431,1.634,2.754,5.650,3.327,5.201,0.633,4.437,5.970,1.891,2.907,0.777,-0.287,0.129,1.323,7.894,2.542,4.594,4.094,2.757,8.285,8.771,8.732,9.285,4.857,4.316
8.652,5.255,1.049,4.225,8.544,1.741,2.863,5.653,3.432,5.113,0.485,4.259,5.794,1.868,2.922,0.575,-0.269,0.128,1.265,7.791,2.651,4.738,3.992,2.654,8.498,8.823,8.859,9.184,5.155,4.315
8.678,5.357,1.100,4.270,8.524,1.704,2.787,5.792,3.362,5.111,0.345,4.189,5.912,1.863,2.845,0.758,-0.246,0.134,1.323,7.871,2.504,4.780,4.115,2.697,8.577,8.973,8.907,9.070,5.078,4.211
8.778,5.519,0.889,4.247,8.513,1.676,2.717,5.633,3.245,5.164,0.609,4.449,5.967,1.904,2.993,0.825,-0.250,0.078,1.335,7.936,2.403,4.586,4.047,2.646,8.337,8.718,8.767,9.279,4.932,4.313
8.780,5.541,0.899,4.247,8.524,1.665,2.747,5.619,3.262,5.182,0.624,4.403,5.954,1.952,3.007,0.847,-0.254,0.040,1.370,7.904,2.431,4.636,4.006,2.645,8.377,8.764,8.769,9.309,4.962,4.324
8.823,5.582,0.875,4.222,8.504,1.665,2.755,5.593,3.303,5.134,0.671,4.392,5.992,1.998,2.959,0.859,-0.274,0.004,1.372,7.923,2.438,4.616,4.039,2.612,8.406,8.730,8.759,9.325,4.977,4.316
8.817,5.428,0.810,4.162,8.610,1.596,2.653,5.603,3.208,5.260,0.602,4.455,5.924,1.861,3.070,0.829,-0.289,0.071,1.331,7.911,2.369,4.543,3.952,2.647,8.327,8.795,8.738,9.305,4.808,4.236
8.851,5.535,0.849,4.213,8.501,1.648,2.786,5.629,3.323,5.128,0.741,4.393,6.062,2.039,2.889,0.853,-0.311,0.047,1.322,7.910,2.440,4.616,4.007,2.550,8.432,8.711,8.746,9.354,4.935,4.271
8.802,5.462,0.742,4.184,8.605,1.598,2.622,5.688,3.130,5.207,0.659,4.481,5.944,1.897,3.062,0.835,-0.235,0.100,1.331,7.915,2.365,4.591,3.961,2.646,8.251,8.814,8.735,9.231,4.783,4.256
8.882,5.499,0.851,4.289,8.528,1.637,2.841,5.619,3.259,5.071,0.727,4.318,6.121,2.044,2.885,0.926,-0.237,0.055,1.387,7.960,2.449,4.662,3.988,2.534,8.476,8.726,8.758,9.413,4.919,4.232
8.931,5.459,0.828,4.300,8.512,1.630,2.890,5.617,3.211,5.040,0.766,4.328,6.077,2.061,2.908,0.894,-0.252,0.099,1.397,7.975,2.399,4.658,3.958,2.556,8.508,8.707,8.788,9.434,4.910,4.201
8.904,5.465,0.837,4.108,8.481,1.709,2.821,5.613,3.304,5.086,0.718,4.435,6.105,2.116,2.798,0.827,-0.293,0.014,1.325,7.886,2.320,4.614,4.071,2.572,8.530,8.803,8.782,9.378,5.002,4.305
8.951,5.472,0.811,4.244,8.514,1.706,2.859,5.549,3.227,5.112,0.747,4.431,6.217,2.148,2.851,0.921,-0.314,0.103,1.400,7.965,2.454,4.731,3.957,2.516,8.475,8.706,8.700,9.395,4.919,4.285
8.904,5.423,0.786,4.109,8.478,1.729,2.857,5.605,3.332,5.078,0.782,4.453,6.117,2.141,2.804,0.824,-0.338,0.060,1.379,7.818,2.260,4.622,4.058,2.613,8.468,8.761,8.753,9.456,5.064,4.274
8.841,5.539,0.898,4.283,8.472,1.713,2.937,5.529,3.333,5.228,0.712,4.300,6.200,2.124,2.910,0.942,-0.312,0.070,1.334,8.032,2.520,4.627,3.922,2.476,8.375,8.761,8.700,9.490,4.885,4.308
8.766,5.496,0.897,4.301,8.555,1.720,2.892,5.556,3.282,5.191,0.675,4.319,6.245,2.110,2.912,0.874,-0.398,0.114,1.350,7.901,2.444,4.563,3.971,2.503,8.418,8.801,8.807,9.522,4.885,4.315
8.784,5.405,0.757,4.203,8.477,1.636,2.813,5.570,3.354,5.003,0.852,4.483,6.137,1.982,2.801,0.761,-0.303,0.156,1.302,7.922,2.361,4.686,4.003,2.686,8.518,8.783,8.819,9.441,5.132,4.272
8.884,5.542,0.865,4.289,8.560,1.735,2.859,5.445,3.326,5.123,0.756,4.376,6.148,2.214,2.874,0.965,-0.379,0.038,1.452,8.008,2.534,4.625,3.918,2.464,8.418,8.787,8.703,9.459,4.908,4.383
8.807,5.389,0.801,4.198,8.417,1.711,2.821,5.557,3.315,5.144,0.831,4.424,6.068,2.042,2.699,0.904,-0.255,0.216,1.278,7.749,2.333,4.640,4.047,2.716,8.537,8.694,8.755,9.512,5.063,4.351
8.841,5.432,0.796,4.160,8.452,1.602,2.819,5.638,3.401,5.006,0.862,4.420,6.227,1.938,2.862,0.792,-0.318,0.193,1.371,8.008,2.325,4.591,4.068,2.762,8.563,8.816,8.866,9.430,5.168,4.240
8.827,5.406,0.818,4.164,8.453,1.672,2.847,5.589,3.277,5.020,0.958,4.474,6.096,1.980,2.745,0.825,-0.264,0.123,1.356,7.782,2.328,4.632,3.957,2.721,8.507,8.641,8.732,9.497,5.168,4.283
8.815,5.446,0.836,4.144,8.389,1.587,2.762,5.665,3.439,4.971,0.896,4.372,6.239,1.978,2.842,0.850,-0.317,0.124,1.367,8.061,2.343,4.639,4.083,2.814,8.521,8.805,8.931,9.442,5.107,4.275
8.771,5.441,0.677,4.178,8.478,1.590,2.902,5.787,3.258,4.979,0.834,4.518,6.168,2.032,2.790,0.685,-0.133,0.150,1.307,7.956,2.297,4.517,4.167,2.830,8.587,8.725,8.913,9.418,5.163,4.319
8.894,5.594,0.796,4.206,8.422,1.623,2.773,5.729,3.499,5.044,0.900,4.506,6.276,1.904,2.798,0.778,-0.319,0.192,1.328,7.977,2.413,4.583,4.036,2.794,8.597,8.783,8.894,9.497,5.057,4.331
8.956,5.267,0.827,4.180,8.352,1.623,2.671,5.668,3.300,5.004,0.784,4.458,6.281,1.907,2.781,0.694,-0.379,0.171,1.197,7.935,2.431,4.561,4.141,2.789,8.554,8.819,8.875,9.431,5.109,4.193
8.887,5.535,0.774,4.206,8.393,1.674,2.810,5.708,3.529,5.006,0.871,4.482,6.311,1.964,2.847,0.776,-0.301,0.195,1.314,7.988,2.453,4.564,4.086,2.756,8.596,8.798,8.959,9.583,5.051,4.237
8.882,5.375,0.866,4.261,8.405,1.560,2.660,5.695,3.335,5.079,0.816,4.443,6.174,1.868,2.793,0.666,-0.274,0.132,1.287,7.864,2.431,4.648,4.155,2.685,8.621,8.715,8.809,9.338,5.089,4.285
9.029,5.275,0.985,4.213,8.400,1.536,2.670,5.663,3.352,5.011,0.725,4.445,6.335,1.918,2.913,0.677,-0.411,0.025,1.257,7.811,2.454,4.537,4.070,2.749,8.733,8.695,8.929,9.344,5.077,4.296
8.928,5.356,0.775,4.315,8.412,1.568,2.776,5.558,3.196,4.984,0.875,4.537,6.214,1.790,2.838,0.822,-0.355,0.251,1.286,7.831,2.519,4.619,4.181,2.721,8.615,8.758,8.798,9.481,5.213,4.323
8.887,5.312,0.894,4.290,8.389,1.588,2.692,5.587,3.218,5.019,0.795,4.546,6.095,1.856,2.757,0.694,-0.299,0.171,1.348,7.935,2.445,4.620,4.185,2.660,8.602,8.920,8.764,9.470,5.211,4.298
8.874,5.311,0.816,4.318,8.463,1.499,2.760,5.526,3.302,4.987,0.828,4.558,6.204,1.889,2.806,0.715,-0.427,0.283,1.237,7.879,2.393,4.634,4.165,2.742,8.706,8.809,8.749,9.393,5.121,4.226
8.879,5.360,0.844,4.284,8.466,1.548,2.778,5.515,3.302,4.994,0.840,4.509,6.237,1.873,2.830,0.716,-0.420,0.319,1.239,7.834,2.350,4.663,4.117,2.716,8.733,8.856,8.711,9.376,5.158,4.230
8.916,5.291,0.779,4.220,8.412,1.523,2.739,5.550,3.294,4.981,0.870,4.542,6.137,1.900,2.841,0.759,-0.366,0.347,1.192,7.912,2.406,4.705,4.200,2.735,8.657,8.783,8.736,9.358,5.181,4.264
8.880,5.338,0.827,4.190,8.371,1.496,2.729,5.520,3.246,4.999,0.867,4.520,6.172,1.892,2.871,0.747,-0.406,0.330,1.198,7.943,2.437,4.667,4.178,2.691,8.651,8.784,8.705,9.401,5.155,4.310
8.906,5.286,0.758,4.179,8.399,1.528,2.676,5.619,3.242,5.078,0.934,4.513,6.084,1.930,2.770,0.707,-0.389,0.386,1.208,7.922,2.385,4.751,4.253,2.731,8.627,8.844,8.737,9.413,5.157,4.199
8.894,5.300,0.732,4.267,8.616,1.431,2.725,5.627,3.323,4.935,0.842,4.562,6.063,1.841,2.866,0.656,-0.438,0.353,1.239,7.864,2.445,4.683,4.161,2.713,8.663,8.807,8.789,9.290,5.085,4.306
8.937,5.342,0.733,4.264,8.603,1.501,2.645,5.635,3.365,5.058,0.828,4.560,6.144,1.787,2.797,0.701,-0.508,0.359,1.243,7.748,2.446,4.710,4.166,2.677,8.602,8.780,8.778,9.365,5.154,4.287
8.841,5.260,0.767,4.294,8.678,1.364,2.662,5.631,3.343,4.875,0.764,4.606,6.002,1.784,2.915,0.640,-0.439,0.440,1.251,7.827,2.374,4.750,4.175,2.642,8.692,8.881,8.717,9.253,5.100,4.307
8.910,5.258,0.767,4.304,8.581,1.451,2.614,5.702,3.394,4.839,0.815,4.578,6.083,1.824,2.785,0.660,-0.417,0.304,1.213,7.937,2.418,4.770,4.174,2.666,8.719,8.761,8.783,9.372,5.127,4.255
8.946,5.285,0.752,4.329,8.615,1.496,2.626,5.727,3.358,4.838,0.854,4.602,6.042,1.808,2.790,0.704,-0.430,0.341,1.175,7.934,2.379,4.764,4.189,2.699,8.699,8.777,8.786,9.360,5.089,4.264
8.984,5.285,0.744,4.338,8.646,1.537,2.619,5.697,3.354,4.834,0.876,4.633,6.035,1.813,2.814,0.692,-0.444,0.325,1.196,7.955,2.335,4.719,4.221,2.652,8.723,8.745,8.828,9.321,5.044,4.295
8.902,5.184,0.834,4.301,8.722,1.327,2.619,5.696,3.298,4.977,0.697,4.632,5.936,1.770,2.851,0.757,-0.433,0.349,1.233,7.778,2.324,4.796,4.212,2.619,8.667,8.881,8.657,9.256,5.036,4.281
8.915,5.139,0.884,4.277,8.682,1.318,2.611,5.660,3.248,4.963,0.739,4.662,5.974,1.804,2.809,0.738,-0.396,0.329,1.267,7.798,2.325,4.750,4.224,2.617,8.715,8.835,8.652,9.255,5.009,4.270
8.923,5.280,0.821,4.362,8.600,1.357,2.632,5.719,3.293,4.940,0.603,4.629,5.869,1.724,2.948,0.701,-0.472,0.336,1.259,7.835,2.308,4.813,4.178,2.672,8.754,8.934,8.675,9.206,5.039,4.271
8.953,5.299,0.770,4.287,8.595,1.608,2.695,5.744,3.203,4.780,0.772,4.634,6.140,1.768,2.918,0.791,-0.462,0.299,1.197,7.979,2.334,4.709,4.173,2.653,8.825,8.844,8.717,9.375,5.120,4.228
8.936,5.279,0.897,4.335,8.559,1.433,2.678,5.668,3.319,4.902,0.612,4.617,5.887,1.761,2.900,0.729,-0.504,0.397,1.220,7.844,2.298,4.757,4.087,2.666,8.799,8.964,8.651,9.229,5.018,4.297
8.927,5.233,0.896,4.405,8.562,1.351,2.571,5.775,3.284,4.922,0.516,4.573,5.902,1.804,2.954,0.646,-0.512,0.373,1.324,7.814,2.305,4.794,4.173,2.599,8.873,8.899,8.698,9.256,5.065,4.269
8.840,5.379,0.742,4.201,8.542,1.551,2.702,5.713,3.417,4.792,0.846,4.515,6.019,1.681,2.822,0.772,-0.493,0.220,1.247,7.965,2.364,4.807,4.284,2.723,8.677,8.874,8.607,9.326,5.010,4.291
8.892,5.422,0.753,4.125,8.542,1.574,2.694,5.784,3.441,4.827,0.807,4.578,5.996,1.769,2.776,0.861,-0.542,0.190,1.292,7.950,2.408,4.821,4.191,2.751,8.662,8.915,8.574,9.369,4.971,4.213
8.866,5.363,0.902,4.380,8.561,1.339,2.684,5.602,3.325,4.854,0.469,4.681,5.899,1.784,2.811,0.757,-0.462,0.482,1.264,7.890,2.336,4.768,4.078,2.645,8.799,8.856,8.630,9.140,4.987,4.382
8.989,5.310,0.884,4.161,8.497,1.409,2.718,5.702,3.428,4.849,0.849,4.561,5.990,1.752,2.866,0.861,-0.560,0.173,1.263,7.923,2.392,4.766,4.242,2.695,8.635,8.846,8.646,9.363,5.032,4.338
8.919,5.467,0.888,4.094,8.430,1.549,2.762,5.690,3.394,4.782,0.921,4.596,6.035,1.760,2.782,0.797,-0.557,0.191,1.215,7.975,2.250,4.831,4.316,2.796,8.634,8.793,8.589,9.387,4.987,4.357
8.900,5.320,0.926,4.443,8.525,1.379,2.631,5.636,3.293,4.902,0.508,4.694,5.895,1.844,2.811,0.705,-0.424,0.470,1.296,7.868,2.358,4.745,4.000,2.640,8.766,8.854,8.552,9.154,4.921,4.316
8.992,5.497,0.880,4.093,8.407,1.564,2.837,5.735,3.375,4.815,0.958,4.641,6.043,1.753,2.794,0.736,-0.577,0.263,1.185,8.001,2.225,4.884,4.364,2.791,8.668,8.709,8.644,9.312,4.936,4.337
8.891,5.303,0.906,4.503,8.451,1.393,2.677,5.647,3.219,4.901,0.465,4.700,5.871,1.890,2.806,0.723,-0.468,0.510,1.253,7.890,2.322,4.729,4.022,2.691,8.742,8.921,8.623,9.117,4.992,4.308
8.862,5.386,0.964,4.328,8.601,1.344,2.706,5.687,3.298,4.828,0.546,4.654,5.862,1.824,2.802,0.757,-0.526,0.485,1.347,7.936,2.368,4.713,4.105,2.575,8.767,8.777,8.538,9.131,5.102,4.330
8.847,5.337,1.141,4.307,8.599,1.397,2.684,5.610,3.294,4.863,0.544,4.609,5.764,1.729,2.752,0.667,-0.506,0.612,1.352,7.922,2.202,4.789,4.123,2.565,8.746,8.856,8.643,9.165,5.124,4.317
8.963,5.476,0.900,4.018,8.424,1.478,2.881,5.765,3.435,4.793,0.992,4.689,6.049,1.815,2.817,0.810,-0.545,0.372,1.267,8.068,2.271,4.933,4.364,2.691,8.544,8.650,8.778,9.322,4.869,4.245
9.014,5.233,0.842,4.384,8.496,1.368,2.774,5.654,3.455,4.890,0.496,4.671,5.918,1.901,2.739,0.663,-0.365,0.338,1.392,7.976,2.398,4.736,3.902,2.651,8.989,8.826,8.664,9.008,4.825,4.236
8.954,5.272,0.869,4.457,8.584,1.447,2.739,5.704,3.446,4.880,0.597,4.576,5.882,1.904,2.720,0.720,-0.329,0.343,1.363,7.940,2.381,4.675,3.892,2.663,9.033,8.791,8.664,9.113,4.866,4.289
9.024,5.185,0.893,4.454,8.476,1.369,2.721,5.692,3.317,4.885,0.484,4.696,5.805,1.835,2.790,0.627,-0.355,0.284,1.366,7.943,2.337,4.588,4.018,2.654,9.028,8.916,8.666,9.025,4.824,4.251
9.010,5.297,0.904,4.480,8.519,1.427,2.862,5.670,3.394,4.888,0.518,4.556,5.983,1.848,2.591,0.827,-0.325,0.342,1.408,7.959,2.384,4.728,3.960,2.652,8.998,8.851,8.705,9.125,4.761,4.320
8.905,5.570,0.924,3.954,8.385,1.491,2.842,5.662,3.505,4.723,0.991,4.763,6.042,1.796,2.809,0.941,-0.571,0.292,1.352,8.128,2.325,4.999,4.460,2.632,8.552,8.518,8.720,9.330,4.898,4.217
8.939,5.475,0.968,3.984,8.411,1.466,2.968,5.750,3.442,4.870,1.158,4.667,6.184,1.922,2.847,0.871,-0.612,0.353,1.361,8.066,2.272,4.901,4.360,2.524,8.472,8.654,8.831,9.344,4.871,4.247
8.961,5.617,0.863,3.959,8.420,1.477,2.894,5.695,3.525,4.671,0.992,4.699,6.046,1.790,2.724,0.928,-0.528,0.215,1.302,8.193,2.338,5.011,4.444,2.700,8.530,8.520,8.796,9.401,4.952,4.210
8.926,5.471,0.944,4.009,8.507,1.521,2.909,5.805,3.470,4.745,0.998,4.698,5.987,1.811,2.733,0.917,-0.546,0.288,1.292,8.018,2.281,4.828,4.454,2.640,8.617,8.657,8.748,9.238,4.872,4.269
8.883,5.453,0.982,3.991,8.550,1.528,2.872,5.855,3.474,4.723,0.962,4.686,6.004,1.819,2.740,0.916,-0.596,0.306,1.339,8.005,2.272,4.794,4.502,2.596,8.580,8.684,8.784,9.253,4.844,4.294
9.105,5.298,0.967,4.579,8.437,1.486,2.908,5.700,3.540,4.843,0.606,4.567,6.057,1.757,2.572,0.984,-0.322,0.296,1.360,7.869,2.425,4.658,4.068,2.549,9.013,8.926,8.814,9.119,4.869,4.315
9.053,5.270,0.877,4.570,8.459,1.523,2.944,5.654,3.462,4.869,0.620,4.492,5.986,1.819,2.589,0.945,-0.347,0.338,1.379,7.856,2.491,4.676,4.080,2.639,8.995,8.976,8.795,9.073,4.823,4.327
8.980,5.354,0.823,4.470,8.578,1.631,2.973,5.630,3.415,4.842,0.500,4.568,5.968,1.912,2.742,0.854,-0.416,0.374,1.465,7.910,2.483,4.828,3.937,2.661,9.019,8.869,8.865,9.065,4.684,4.282
9.062,5.326,0.913,4.552,8.435,1.531,2.993,5.609,3.542,4.774,0.601,4.503,5.898,1.846,2.620,0.924,-0.353,0.274,1.372,7.907,2.520,4.612,4.047,2.559,8.968,8.976,8.726,9.098,4.865,4.386
9.098,5.253,0.973,4.525,8.533,1.420,2.898,5.697,3.495,4.886,0.564,4.536,5.867,1.748,2.514,0.947,-0.367,0.262,1.268,7.876,2.395,4.653,4.079,2.655,8.928,8.960,8.832,9.052,4.899,4.428
9.082,5.223,1.005,4.559,8.536,1.416,2.924,5.675,3.476,4.871,0.597,4.528,5.914,1.710,2.548,0.942,-0.401,0.289,1.254,7.849,2.416,4.628,4.075,2.682,8.880,8.911,8.824,9.094,4.937,4.454
9.152,5.336,0.947,4.560,8.388,1.406,2.997,5.628,3.553,4.969,0.455,4.599,5.841,1.918,2.526,0.889,-0.328,0.363,1.342,7.805,2.386,4.612,4.089,2.573,8.920,8.992,8.737,9.055,4.816,4.386
9.130,5.265,0.928,4.485,8.418,1.422,3.007,5.586,3.570,4.926,0.434,4.539,5.865,1.928,2.532,0.850,-0.319,0.423,1.383,7.781,2.316,4.551,4.059,2.580,8.903,8.963,8.715,8.990,4.734,4.420
8.994,5.245,0.775,4.541,8.515,1.652,2.884,5.718,3.350,4.916,0.620,4.577,6.022,1.687,2.582,0.903,-0.204,0.205,1.476,7.825,2.420,4.487,4.083,2.762,8.877,8.740,8.742,9.054,4.994,4.192
9.074,5.190,0.822,4.485,8.574,1.409,2.877,5.749,3.537,4.867,0.527,4.523,5.880,1.717,2.491,0.963,-0.322,0.196,1.220,7.803,2.485,4.612,4.112,2.697,8.907,8.909,8.789,9.040,4.878,4.529
8.949,5.238,0.779,4.537,8.508,1.588,2.945,5.797,3.352,4.860,0.621,4.558,5.991,1.758,2.516,0.883,-0.159,0.217,1.445,7.817,2.458,4.448,4.007,2.755,8.877,8.673,8.721,8.993,5.072,4.174
9.087,5.154,0.988,4.582,8.663,1.517,2.916,5.747,3.539,4.918,0.581,4.592,5.904,1.792,2.535,0.843,-0.387,0.234,1.244,7.774,2.448,4.635,4.068,2.700,8.863,9.000,8.773,9.169,4.837,4.507
9.098,5.146,1.034,4.545,8.637,1.546,2.940,5.728,3.538,4.963,0.547,4.558,5.953,1.782,2.496,0.808,-0.379,0.199,1.252,7.789,2.457,4.656,4.082,2.690,8.835,8.975,8.747,9.158,4.831,4.534
9.107,5.180,0.942,4.602,8.593,1.460,2.960,5.789,3.517,4.959,0.522,4.560,5.883,1.813,2.546,0.856,-0.336,0.189,1.222,7.860,2.468,4.703,4.114,2.690,8.866,9.041,8.711,9.124,4.769,4.506
8.971,5.233,1.110,4.384,8.610,1.488,2.994,5.669,3.638,4.828,0.445,4.509,5.866,1.763,2.545,0.890,-0.287,0.266,1.291,7.827,2.563,4.566,4.197,2.637,8.882,8.697,8.758,8.997,5.031,4.512
8.994,5.366,0.611,4.453,8.448,1.678,2.902,5.696,3.302,5.020,0.609,4.459,5.989,1.658,2.624,1.090,-0.229,0.172,1.280,7.745,2.263,4.429,4.121,2.805,8.878,8.776,8.674,8.990,5.010,4.214
9.035,5.360,0.627,4.442,8.419,1.664,2.883,5.668,3.263,4.984,0.638,4.412,6.039,1.616,2.609,1.115,-0.209,0.212,1.231,7.714,2.219,4.469,4.092,2.852,8.921,8.727,8.690,8.943,5.036,4.183
9.035,5.340,0.635,4.357,8.473,1.616,2.901,5.713,3.331,4.960,0.613,4.488,6.039,1.655,2.656,1.102,-0.154,0.215,1.309,7.831,2.395,4.470,4.215,2.781,8.916,8.817,8.604,9.025,5.047,4.290
9.054,5.392,0.781,4.440,8.501,1.589,2.813,5.642,3.345,5.056,0.563,4.459,5.950,1.555,2.700,1.167,-0.212,0.164,1.353,7.750,2.367,4.371,4.187,2.875,8.871,8.720,8.594,9.058,5.124,4.263
9.089,5.086,0.994,4.527,8.776,1.473,2.909,5.708,3.468,4.984,0.559,4.499,5.934,1.669,2.453,0.877,-0.327,0.283,1.205,7.942,2.518,4.715,4.198,2.756,8.844,9.046,8.600,9.219,4.727,4.576
9.033,5.374,0.787,4.517,8.435,1.599,2.722,5.687,3.299,5.106,0.593,4.532,5.949,1.526,2.615,1.168,-0.211,0.207,1.421,7.725,2.352,4.397,4.245,2.910,8.915,8.703,8.567,9.071,5.120,4.297
9.177,5.397,0.786,4.416,8.451,1.561,2.818,5.607,3.368,5.129,0.505,4.329,6.015,1.567,2.660,1.023,-0.229,0.228,1.355,7.779,2.382,4.436,4.076,2.841,8.845,8.755,8.624,9.002,5.101,4.191
9.060,5.412,0.541,4.462,8.393,1.744,2.899,5.762,3.374,4.993,0.493,4.354,6.116,1.625,2.736,1.199,-0.093,0.187,1.137,7.794,2.360,4.410,4.154,2.733,8.883,8.767,8.512,8.932,4.920,4.258
9.193,5.398,0.861,4.362,8.523,1.519,2.837,5.618,3.456,5.167,0.410,4.397,5.986,1.538,2.676,0.995,-0.176,0.168,1.317,7.800,2.422,4.377,4.040,2.815,8.845,8.735,8.664,8.982,5.040,4.277
9.237,5.432,0.875,4.378,8.494,1.517,2.853,5.572,3.425,5.150,0.431,4.367,6.025,1.560,2.628,1.011,-0.162,0.181,1.365,7.822,2.387,4.355,4.004,2.836,8.878,8.726,8.645,8.974,5.072,4.262
9.133,5.374,0.884,4.311,8.574,1.522,2.817,5.590,3.454,5.092,0.434,4.322,6.073,1.504,2.736,0.922,-0.137,0.156,1.349,7.794,2.366,4.376,3.964,2.789,8.854,8.761,8.604,8.988,5.098,4.282
9.285,5.445,0.805,4.418,8.382,1.582,2.870,5.495,3.341,5.202,0.428,4.359,6.023,1.679,2.605,0.939,-0.118,0.162,1.335,7.893,2.385,4.507,4.016,2.848,8.771,8.773,8.620,9.041,5.166,4.238
9.229,5.431,0.840,4.437,8.482,1.448,2.847,5.496,3.349,5.107,0.433,4.410,6.059,1.566,2.606,0.962,-0.119,0.145,1.306,7.767,2.438,4.467,4.035,2.807,8.875,8.747,8.670,9.051,5.125,4.294
9.274,5.521,0.808,4.358,8.334,1.663,2.821,5.577,3.388,5.215,0.487,4.332,5.992,1.678,2.529,0.976,-0.105,0.165,1.407,7.820,2.357,4.522,3.995,2.757,8.696,8.777,8.550,9.056,5.117,4.152
9.239,5.516,0.776,4.389,8.292,1.640,2.820,5.612,3.372,5.234,0.455,4.301,6.031,1.670,2.544,0.979,-0.123,0.141,1.366,7.828,2.333,4.489,4.027,2.783,8.699,8.809,8.548,9.016,5.068,4.146
9.169,5.450,0.842,4.402,8.502,1.419,2.786,5.461,3.419,5.148,0.407,4.451,6.075,1.591,2.625,0.959,-0.128,0.179,1.242,7.778,2.364,4.515,4.002,2.817,8.810,8.755,8.660,8.951,5.147,4.350
9.201,5.274,0.968,4.366,8.595,1.388,2.844,5.569,3.273,5.146,0.409,4.304,5.982,1.410,2.796,0.877,-0.296,0.153,1.333,7.755,2.356,4.411,4.060,2.732,8.896,8.762,8.564,9.078,5.137,4.313
9.115,5.257,0.958,4.222,8.539,1.522,2.802,5.497,3.350,5.118,0.472,4.308,6.093,1.479,2.826,0.904,-0.106,-0.002,1.415,7.790,2.224,4.424,3.946,2.818,8.746,8.870,8.691,9.015,5.193,4.365
9.105,5.260,0.914,4.359,8.670,1.446,2.839,5.576,3.203,5.124,0.417,4.319,6.007,1.365,2.737,0.831,-0.317,0.071,1.277,7.776,2.418,4.423,4.078,2.720,8.896,8.859,8.547,9.139,5.061,4.241
9.172,5.531,0.898,4.506,8.208,1.565,2.832,5.545,3.438,5.175,0.497,4.275,6.018,1.632,2.571,0.971,-0.166,0.110,1.478,7.755,2.444,4.395,3.961,2.801,8.625,8.778,8.525,8.961,4.949,4.196
9.334,5.366,0.889,4.317,8.498,1.440,2.798,5.425,3.348,5.201,0.493,4.450,6.082,1.545,2.654,0.955,-0.148,0.092,1.286,7.742,2.473,4.569,3.936,2.937,8.886,8.698,8.608,9.072,5.109,4.331
9.253,5.386,0.849,4.239,8.466,1.469,2.736,5.451,3.360,5.247,0.435,4.346,6.044,1.457,2.662,0.939,-0.134,0.097,1.233,7.645,2.440,4.508,3.961,2.904,8.852,8.726,8.660,9.114,5.119,4.288
9.143,5.219,1.032,4.145,8.549,1.484,2.803,5.467,3.460,5.087,0.474,4.479,5.986,1.475,2.834,0.917,-0.161,0.013,1.496,7.734,2.259,4.552,3.825,2.864,8.714,8.990,8.772,8.990,5.157,4.392
9.106,5.213,1.000,4.191,8.567,1.484,2.851,5.482,3.489,5.079,0.501,4.436,6.028,1.466,2.832,0.902,-0.193,-0.012,1.448,7.784,2.245,4.583,3.798,2.902,8.698,8.975,8.752,8.943,5.194,4.406
9.406,5.388,0.866,4.352,8.505,1.310,2.700,5.379,3.353,5.099,0.485,4.460,6.115,1.529,2.738,0.979,-0.105,0.227,1.335,7.799,2.459,4.602,4.006,2.916,8.951,8.684,8.708,9.049,5.121,4.369
9.083,5.202,1.041,4.111,8.589,1.557,2.848,5.414,3.478,5.141,0.474,4.498,5.986,1.415,2.823,0.908,-0.245,-0.038,1.420,7.837,2.191,4.631,3.757,2.830,8.653,8.989,8.699,8.911,5.175,4.491
9.257,5.422,0.863,4.259,8.533,1.508,2.782,5.494,3.341,5.165,0.401,4.463,6.190,1.461,2.780,1.073,-0.222,0.140,1.234,7.778,2.442,4.494,4.026,2.814,8.770,8.577,8.707,8.851,5.237,4.401
9.264,5.440,0.878,4.263,8.553,1.487,2.763,5.542,3.381,5.160,0.399,4.495,6.165,1.441,2.752,1.060,-0.194,0.174,1.216,7.756,2.406,4.509,4.022,2.824,8.735,8.576,8.665,8.808,5.250,4.448
9.082,5.240,0.863,4.400,8.587,1.498,2.806,5.570,3.206,5.176,0.454,4.357,5.926,1.280,2.668,0.861,-0.321,-0.073,1.325,7.746,2.254,4.441,4.056,2.660,9.028,8.787,8.671,9.135,5.104,4.212
9.284,5.282,0.921,4.196,8.421,1.514,2.823,5.462,3.282,5.323,0.401,4.277,6.046,1.370,2.678,0.929,-0.231,0.132,1.207,7.546,2.471,4.531,3.980,2.701,8.901,8.790,8.673,9.142,5.179,4.327
9.265,5.246,0.809,4.206,8.482,1.511,2.811,5.485,3.314,5.358,0.391,4.291,6.080,1.333,2.696,0.929,-0.163,0.041,1.292,7.544,2.533,4.495,3.959,2.819,8.841,8.579,8.642,9.131,5.200,4.222
9.099,5.217,0.811,4.331,8.583,1.497,2.837,5.544,3.232,5.124,0.366,4.361,6.027,1.305,2.689,0.895,-0.329,-0.034,1.291,7.667,2.222,4.361,4.038,2.693,9.060,8.784,8.779,9.160,5.207,4.137
9.097,5.205,0.841,4.282,8.584,1.457,2.838,5.552,3.231,5.120,0.324,4.322,6.061,1.318,2.732,0.929,-0.287,-0.051,1.299,7.701,2.229,4.385,4.050,2.688,9.038,8.735,8.785,9.206,5.197,4.092
9.298,5.435,0.895,4.238,8.417,1.361,2.820,5.573,3.233,5.352,0.562,4.110,6.021,1.390,2.700,1.018,-0.116,0.057,1.177,7.715,2.496,4.625,3.935,2.919,8.941,8.581,8.725,9.118,5.182,4.150
9.113,5.273,0.785,4.252,8.484,1.475,2.829,5.557,3.156,5.077,0.430,4.332,6.048,1.348,2.706,0.976,-0.330,-0.105,1.265,7.736,2.139,4.359,4.046,2.641,9.073,8.807,8.833,9.110,5.214,4.165
9.065,5.298,0.748,4.263,8.498,1.506,2.790,5.526,3.145,5.098,0.452,4.377,6.073,1.334,2.707,0.946,-0.352,-0.077,1.280,7.730,2.187,4.320,4.064,2.649,9.047,8.761,8.792,9.126,5.185,4.204
9.318,5.509,0.907,4.331,8.499,1.286,2.810,5.500,3.381,5.262,0.379,4.147,6.047,1.365,2.755,1.014,-0.185,0.039,1.240,7.735,2.361,4.590,4.015,2.836,8.865,8.599,8.611,9.090,5.251,4.127
9.371,5.472,0.908,4.355,8.445,1.189,2.886,5.449,3.339,5.181,0.377,4.170,6.005,1.362,2.778,0.997,-0.189,0.108,1.157,7.749,2.449,4.558,3.966,2.929,8.854,8.673,8.577,8.996,5.233,4.145
9.329,5.320,0.875,4.253,8.544,1.433,2.854,5.430,3.247,5.327,0.391,4.313,6.222,1.412,2.505,0.969,-0.150,0.067,1.311,7.625,2.441,4.456,3.926,2.870,8.777,8.577,8.820,9.208,5.067,4.322
8.997,5.245,0.785,4.199,8.525,1.460,2.785,5.499,3.156,5.081,0.470,4.398,6.158,1.420,2.803,0.911,-0.326,-0.118,1.342,7.760,2.177,4.359,4.072,2.659,9.049,8.784,8.830,9.102,5.079,4.234
8.989,5.274,0.759,4.130,8.540,1.517,2.728,5.549,3.152,4.986,0.445,4.287,6.070,1.424,2.751,1.014,-0.362,-0.116,1.361,7.718,2.106,4.388,4.038,2.675,9.015,8.805,8.893,9.036,5.097,4.299
9.011,5.324,0.804,4.096,8.506,1.510,2.698,5.571,3.146,5.021,0.479,4.251,6.076,1.374,2.712,1.005,-0.359,-0.138,1.314,7.756,2.068,4.349,3.992,2.636,8.994,8.792,8.885,9.083,5.106,4.285
9.255,5.425,0.844,4.438,8.449,1.250,2.986,5.542,3.420,5.232,0.448,4.008,5.968,1.206,2.554,1.111,-0.178,0.163,1.235,7.736,2.373,4.437,3.969,2.853,8.958,8.737,8.527,8.935,5.348,4.130
9.245,5.239,0.709,4.096,8.459,1.491,2.866,5.619,3.234,5.383,0.333,4.411,6.090,1.297,2.522,1.009,-0.149,0.055,1.341,7.646,2.499,4.521,3.957,2.850,8.689,8.606,8.741,9.049,5.211,4.299
9.249,5.506,0.916,4.392,8.406,1.278,2.798,5.679,3.500,5.078,0.390,4.093,5.958,1.273,2.670,1.111,-0.133,0.189,1.266,7.738,2.372,4.495,3.978,2.847,8.812,8.830,8.534,8.888,5.243,4.070
8.973,5.283,0.671,4.174,8.424,1.440,2.721,5.423,3.106,4.933,0.512,4.342,6.077,1.534,2.650,1.010,-0.409,-0.137,1.253,7.800,2.233,4.379,3.981,2.702,9.141,8.724,8.934,8.985,5.036,4.326
9.206,5.514,1.004,4.453,8.425,1.271,2.852,5.555,3.574,5.090,0.393,4.030,5.938,1.250,2.566,1.122,-0.262,0.208,1.310,7.873,2.392,4.570,3.986,2.793,8.884,8.910,8.485,8.920,5.269,4.094
9.194,5.509,0.985,4.498,8.406,1.234,2.809,5.548,3.577,5.059,0.392,4.008,5.912,1.203,2.580,1.129,-0.305,0.180,1.339,7.830,2.420,4.595,4.004,2.781,8.889,8.913,8.472,8.897,5.260,4.090
9.201,5.486,1.032,4.465,8.401,1.228,2.840,5.553,3.586,5.071,0.383,3.972,5.956,1.182,2.626,1.103,-0.295,0.186,1.337,7.839,2.422,4.634,4.004,2.756,8.863,8.868,8.491,8.879,5.295,4.041
9.249,5.499,0.986,4.471,8.414,1.294,2.790,5.510,3.569,5.085,0.429,3.977,5.841,1.150,2.548,1.085,-0.320,0.109,1.297,7.849,2.397,4.634,3.954,2.782,8.879,8.887,8.463,8.962,5.179,4.049
9.180,5.481,0.971,4.423,8.414,1.199,2.760,5.507,3.555,5.143,0.279,3.962,5.886,1.089,2.520,1.104,-0.269,0.189,1.375,7.919,2.412,4.565,4.045,2.855,8.945,8.901,8.481,8.917,5.242,4.184
9.132,5.450,0.977,4.385,8.366,1.230,2.745,5.524,3.550,5.181,0.299,3.947,5.854,1.112,2.507,1.057,-0.251,0.198,1.415,7.950,2.381,4.599,3.998,2.805,8.944,8.920,8.440,8.912,5.245,4.225
9.234,5.560,0.939,4.410,8.423,1.203,2.720,5.550,3.574,5.142,0.227,3.947,5.913,1.104,2.437,1.059,-0.225,0.226,1.379,7.964,2.404,4.521,3.997,2.858,8.945,8.882,8.425,8.956,5.269,4.141
9.215,5.559,0.966,4.475,8.447,1.160,2.941,5.535,3.439,4.979,0.372,3.895,5.866,1.257,2.602,1.112,-0.355,0.179,1.371,7.763,2.527,4.735,3.884,2.830,8.928,8.830,8.504,8.809,5.398,4.088
9.239,5.463,1.000,4.497,8.422,1.253,2.782,5.674,3.542,5.122,0.329,3.923,5.868,1.206,2.459,1.109,-0.255,0.083,1.240,7.889,2.281,4.690,4.005,2.876,8.973,9.060,8.652,8.889,5.166,4.251
9.064,5.432,0.575,4.306,8.292,1.437,2.823,5.340,3.203,4.897,0.420,4.427,6.145,1.457,2.530,0.785,-0.412,-0.109,1.194,7.947,2.224,4.374,3.972,2.810,9.320,8.721,8.890,9.193,5.093,4.472
9.327,5.502,1.055,4.431,8.433,1.271,2.769,5.747,3.525,5.127,0.336,4.003,5.878,1.176,2.513,1.074,-0.252,0.166,1.285,7.840,2.240,4.678,3.949,2.826,8.904,9.124,8.706,8.846,5.183,4.325
9.278,5.479,1.034,4.456,8.417,1.261,2.814,5.700,3.526,5.098,0.318,4.014,5.885,1.214,2.538,1.091,-0.250,0.125,1.252,7.862,2.231,4.673,3.957,2.835,8.906,9.110,8.686,8.835,5.192,4.285
9.233,5.400,0.990,4.431,8.384,1.277,2.834,5.753,3.476,5.125,0.300,3.903,5.865,1.160,2.476,1.059,-0.312,0.115,1.246,7.855,2.260,4.594,3.986,2.750,8.835,9.138,8.606,8.807,5.198,4.274
9.237,5.545,1.110,4.475,8.358,1.251,2.855,5.759,3.517,5.145,0.357,4.015,5.886,1.270,2.542,1.072,-0.258,0.056,1.303,7.834,2.240,4.648,3.930,2.830,8.948,9.156,8.735,8.911,5.223,4.298
8.968,5.335,0.642,4.189,8.254,1.583,2.904,5.457,3.264,4.993,0.438,4.511,6.153,1.457,2.499,0.786,-0.238,-0.120,1.258,8.007,2.300,4.409,3.970,2.673,9.339,8.677,8.932,9.161,5.031,4.593
8.880,5.291,0.589,4.133,8.213,1.595,2.930,5.343,3.322,4.967,0.408,4.576,6.202,1.504,2.458,0.754,-0.202,-0.216,1.183,8.115,2.293,4.390,4.001,2.743,9.400,8.765,8.839,9.188,5.017,4.544
9.244,5.383,1.003,4.416,8.344,1.289,2.823,5.807,3.475,5.102,0.272,3.926,5.917,1.095,2.530,0.982,-0.215,0.220,1.205,7.825,2.236,4.675,4.096,2.718,8.726,9.149,8.660,8.852,5.233,4.281
8.880,5.388,0.569,4.206,8.183,1.614,3.019,5.336,3.322,4.974,0.320,4.477,6.300,1.456,2.449,0.786,-0.163,-0.190,1.172,8.071,2.354,4.419,4.011,2.755,9.481,8.724,8.878,9.207,5.033,4.560
8.939,5.417,0.556,4.206,8.152,1.548,3.067,5.287,3.363,5.011,0.391,4.524,6.235,1.460,2.387,0.817,-0.141,-0.242,1.162,8.032,2.395,4.425,4.110,2.700,9.460,8.695,8.846,9.171,5.086,4.671
8.931,5.370,0.508,4.144,8.231,1.624,3.018,5.274,3.318,5.036,0.377,4.548,6.222,1.506,2.392,0.856,-0.171,-0.132,1.155,8.021,2.310,4.448,4.037,2.699,9.501,8.716,8.793,9.218,5.116,4.626
8.899,5.337,0.522,4.158,8.186,1.638,3.059,5.249,3.361,4.996,0.330,4.534,6.242,1.499,2.346,0.882,-0.122,-0.139,1.162,7.980,2.268,4.478,4.059,2.680,9.480,8.716,8.763,9.202,5.099,4.643
8.854,5.393,0.607,4.148,8.169,1.589,2.912,5.309,3.308,4.947,0.361,4.509,6.248,1.546,2.551,0.927,-0.191,-0.172,1.137,8.034,2.367,4.382,4.072,2.606,9.374,8.649,8.733,9.247,5.050,4.704
9.112,5.352,1.004,4.418,8.244,1.342,2.803,5.749,3.487,5.071,0.297,3.790,5.739,1.217,2.507,1.042,-0.043,0.347,1.183,7.788,2.172,4.732,4.199,2.738,8.791,9.069,8.651,8.882,5.311,4.155
8.840,5.439,0.631,4.124,8.123,1.591,2.912,5.300,3.365,4.875,0.323,4.588,6.339,1.559,2.506,0.900,-0.195,-0.126,1.190,8.103,2.389,4.451,4.053,2.602,9.361,8.584,8.733,9.280,5.010,4.729
8.909,5.299,0.443,4.219,8.266,1.669,3.131,5.283,3.369,4.993,0.216,4.537,6.227,1.455,2.344,0.995,-0.231,-0.065,1.247,8.063,2.303,4.589,3.970,2.723,9.422,8.614,8.769,9.202,5.201,4.625
8.821,5.317,0.497,4.266,8.175,1.558,2.897,5.252,3.379,5.063,0.357,4.513,6.365,1.410,2.326,0.813,-0.186,-0.076,1.173,7.912,2.250,4.342,3.996,2.719,9.479,8.707,8.837,9.230,5.067,4.707
8.832,5.292,0.527,4.249,8.171,1.534,2.853,5.274,3.368,5.037,0.316,4.541,6.350,1.384,2.282,0.789,-0.140,-0.069,1.134,7.902,2.281,4.327,3.980,2.689,9.482,8.688,8.826,9.185,5.106,4.744
8.815,5.329,0.546,4.296,8.177,1.531,2.883,5.246,3.358,5.040,0.348,4.480,6.281,1.380,2.345,0.741,-0.208,-0.025,1.221,7.922,2.315,4.389,4.001,2.690,9.433,8.746,8.815,9.232,5.104,4.664
9.147,5.414,0.844,4.504,8.233,1.330,2.676,5.770,3.663,5.034,0.406,3.815,5.756,1.183,2.586,1.123,0.038,0.366,1.187,7.751,2.139,4.790,4.183,2.796,8.780,9.049,8.614,8.790,5.245,4.116
8.792,5.265,0.494,4.285,8.129,1.534,2.916,5.248,3.427,5.097,0.251,4.518,6.419,1.565,2.231,0.838,-0.292,0.046,1.252,7.946,2.301,4.353,4.082,2.767,9.459,8.776,8.775,9.191,5.052,4.622
9.161,5.377,1.059,4.423,8.302,1.296,2.857,5.746,3.548,4.952,0.391,3.695,5.825,1.407,2.469,1.069,-0.004,0.442,1.288,7.815,2.100,4.842,4.062,2.778,8.826,9.080,8.607,8.747,5.268,4.249
9.180,5.526,0.881,4.448,8.210,1.350,2.733,5.723,3.650,5.026,0.346,3.774,5.731,1.180,2.543,1.164,0.057,0.317,1.189,7.810,2.246,4.752,4.209,2.769,8.860,9.064,8.577,8.783,5.201,4.114
9.185,5.389,1.066,4.415,8.318,1.350,2.811,5.703,3.544,4.973,0.427,3.773,5.887,1.434,2.509,1.103,-0.054,0.437,1.257,7.722,2.137,4.878,4.122,2.750,8.795,9.016,8.654,8.762,5.298,4.298
9.227,5.404,1.101,4.432,8.329,1.352,2.944,5.809,3.460,4.992,0.369,3.669,5.840,1.501,2.492,1.080,0.036,0.394,1.291,7.812,2.103,4.830,4.144,2.910,8.748,9.112,8.696,8.883,5.211,4.150
9.265,5.359,1.042,4.416,8.320,1.312,2.821,5.629,3.438,4.945,0.370,3.787,5.851,1.447,2.499,1.108,-0.058,0.487,1.222,7.767,2.092,4.841,4.087,2.640,8.910,9.072,8.648,8.779,5.293,4.350
9.311,5.429,0.923,4.304,8.266,1.425,2.483,5.855,3.626,5.000,0.387,3.674,5.776,1.282,2.728,1.190,0.072,0.327,1.290,7.710,2.077,4.732,4.294,2.937,8.807,9.147,8.669,8.784,5.290,4.079
9.261,5.311,1.007,4.443,8.323,1.336,2.833,5.562,3.382,4.869,0.348,3.762,5.796,1.397,2.463,1.089,-0.111,0.518,1.184,7.742,2.146,4.826,4.039,2.598,8.908,9.130,8.724,8.751,5.317,4.385
9.293,5.265,1.049,4.392,8.380,1.341,2.866,5.612,3.436,4.841,0.359,3.701,5.855,1.420,2.489,1.201,-0.074,0.462,1.190,7.692,2.073,4.787,4.062,2.570,8.948,9.129,8.656,8.670,5.283,4.405
9.253,5.273,0.954,4.317,8.099,1.478,2.622,5.783,3.589,4.865,0.361,3.839,5.821,1.145,2.809,1.169,0.022,0.271,1.444,7.730,2.085,4.708,4.373,2.911,8.758,9.102,8.750,8.904,5.381,4.081
9.177,5.322,1.020,4.413,8.292,1.303,2.892,5.590,3.516,4.874,0.289,3.810,5.772,1.455,2.467,1.126,-0.030,0.551,1.111,7.652,2.167,4.781,4.104,2.563,8.810,9.094,8.830,8.769,5.315,4.393
9.225,5.288,1.018,4.298,8.104,1.476,2.626,5.754,3.649,4.911,0.319,3.854,5.893,1.158,2.813,1.178,0.025,0.207,1.430,7.707,2.030,4.734,4.353,2.941,8.764,9.168,8.729,8.837,5.321,4.138
9.269,5.294,1.038,4.314,8.153,1.462,2.587,5.714,3.618,4.956,0.337,3.853,5.915,1.203,2.805,1.202,0.039,0.212,1.435,7.707,2.002,4.758,4.350,2.924,8.743,9.193,8.698,8.864,5.351,4.168
9.148,5.262,1.022,4.340,8.148,1.532,2.658,5.737,3.600,4.921,0.339,3.901,5.936,1.223,2.831,1.204,0.069,0.143,1.409,7.632,1.978,4.707,4.273,2.918,8.737,9.167,8.755,8.837,5.393,4.083
9.267,5.333,1.045,4.224,8.266,1.499,2.640,5.803,3.508,4.889,0.362,3.857,5.915,1.246,2.848,1.130,-0.005,0.293,1.308,7.867,2.067,4.756,4.406,2.767,8.901,9.064,8.666,8.862,5.400,4.191
9.158,5.226,1.125,4.257,8.212,1.503,2.629,5.848,3.731,4.850,0.438,3.887,5.779,1.274,2.909,1.135,0.180,0.237,1.426,7.748,2.135,4.645,4.417,3.023,8.630,9.168,8.805,8.893,5.273,4.075
9.277,5.390,0.998,4.141,8.354,1.451,2.641,5.835,3.427,4.911,0.320,3.829,5.905,1.178,2.863,1.135,-0.095,0.308,1.273,7.910,2.043,4.753,4.392,2.730,8.894,9.084,8.673,8.835,5.367,4.184
9.166,5.273,1.111,4.266,8.147,1.545,2.664,5.858,3.761,4.861,0.467,3.898,5.851,1.307,2.914,1.146,0.257,0.247,1.445,7.716,2.162,4.619,4.339,3.063,8.644,9.162,8.900,8.842,5.256,3.989
9.128,5.233,1.135,4.225,8.152,1.567,2.679,5.864,3.713,4.882,0.484,3.940,5.835,1.270,2.954,1.158,0.303,0.282,1.455,7.761,2.171,4.639,4.322,3.014,8.635,9.207,8.853,8.814,5.288,4.000
9.245,5.234,1.109,4.330,8.174,1.459,2.615,5.850,3.824,4.806,0.411,3.938,5.771,1.303,2.876,1.064,0.143,0.253,1.411,7.819,2.098,4.702,4.504,3.013,8.541,9.235,8.799,8.908,5.336,4.133
9.277,5.212,1.135,4.340,8.214,1.422,2.602,5.810,3.842,4.779,0.460,3.965,5.771,1.309,2.867,1.061,0.183,0.261,1.378,7.854,2.141,4.746,4.550,3.046,8.523,9.187,8.800,8.892,5.322,4.098
9.136,5.311,1.119,4.251,8.260,1.589,2.691,5.744,3.721,4.782,0.579,3.964,5.803,1.314,2.949,1.111,0.267,0.274,1.505,7.834,2.102,4.663,4.281,3.077,8.577,9.221,8.925,8.759,5.313,4.003
9.305,5.208,1.184,4.341,8.227,1.400,2.678,5.817,3.841,4.843,0.343,4.009,5.747,1.273,2.920,1.050,0.009,0.199,1.483,7.734,2.060,4.771,4.563,3.020,8.553,9.148,8.792,8.977,5.396,4.173
9.309,5.240,1.122,4.259,8.496,1.414,2.612,5.723,3.420,4.862,0.292,3.921,6.011,1.348,2.905,1.062,-0.145,0.354,1.148,7.991,2.176,4.755,4.372,2.705,8.776,9.145,8.611,8.768,5.347,4.202
9.246,5.192,1.063,4.247,8.461,1.446,2.624,5.790,3.473,4.840,0.238,3.931,5.973,1.304,2.784,1.075,-0.074,0.344,1.221,8.012,2.169,4.780,4.452,2.738,8.780,9.082,8.631,8.766,5.323,4.241
9.225,5.185,1.113,4.242,8.431,1.452,2.626,5.771,3.443,4.796,0.209,3.902,5.972,1.349,2.812,1.109,-0.047,0.360,1.185,8.013,2.189,4.751,4.440,2.788,8.816,9.115,8.602,8.784,5.303,4.228
9.434,5.427,0.926,4.150,8.507,1.450,2.655,5.976,3.528,4.797,0.506,3.930,5.968,1.136,2.766,1.179,-0.010,0.296,1.226,7.804,2.042,4.680,4.452,2.696,8.836,9.039,8.600,8.774,5.269,4.054
9.311,5.427,1.007,4.212,8.464,1.539,2.577,5.823,3.505,4.732,0.547,3.876,5.841,1.301,2.751,1.067,-0.155,0.342,1.247,7.976,2.045,4.784,4.272,2.749,8.703,9.057,8.637,8.822,5.298,4.085
9.299,5.399,1.049,4.182,8.453,1.517,2.597,5.828,3.518,4.723,0.573,3.856,5.867,1.253,2.707,1.052,-0.143,0.372,1.203,7.943,2.079,4.749,4.316,2.771,8.732,9.026,8.666,8.776,5.288,4.124
9.310,5.368,1.029,4.219,8.484,1.494,2.633,5.850,3.471,4.683,0.529,3.895,5.899,1.280,2.683,1.013,-0.116,0.378,1.181,7.921,2.074,4.740,4.274,2.780,8.723,8.992,8.678,8.771,5.250,4.153
9.308,5.443,1.040,4.243,8.469,1.465,2.597,5.807,3.580,4.709,0.489,3.890,5.869,1.218,2.788,1.100,-0.134,0.231,1.181,7.949,2.043,4.788,4.348,2.714,8.783,8.997,8.687,8.871,5.355,4.087
9.429,5.419,0.915,4.135,8.469,1.589,2.478,5.892,3.422,4.813,0.471,3.886,6.027,1.264,2.824,1.161,-0.110,0.289,1.356,7.850,2.022,4.652,4.522,2.753,8.801,9.081,8.459,8.812,5.439,3.983
9.386,5.384,0.964,4.096,8.440,1.579,2.494,5.929,3.432,4.792,0.515,3.896,5.991,1.228,2.857,1.205,-0.106,0.265,1.326,7.893,2.014,4.686,4.533,2.744,8.848,9.034,8.429,8.768,5.457,3.944
9.469,5.479,0.876,4.086,8.537,1.577,2.427,5.969,3.436,4.837,0.506,3.977,6.060,1.294,2.847,1.158,-0.201,0.321,1.343,7.793,2.001,4.577,4.442,2.750,8.812,9.148,8.426,8.779,5.368,4.017
9.490,5.461,0.918,4.131,8.575,1.621,2.381,5.974,3.441,4.825,0.466,4.007,6.026,1.262,2.866,1.138,-0.203,0.317,1.340,7.809,2.030,4.612,4.401,2.768,8.830,9.146,8.417,8.744,5.336,4.067
9.460,5.471,0.927,4.137,8.577,1.577,2.434,5.929,3.460,4.914,0.555,3.926,6.098,1.375,2.820,1.187,-0.211,0.328,1.375,7.821,1.959,4.544,4.391,2.757,8.801,9.133,8.379,8.815,5.324,4.023
9.483,5.364,0.846,4.036,8.327,1.337,2.756,5.776,3.480,4.689,0.692,4.028,6.084,1.025,2.789,1.192,-0.097,0.358,1.144,7.904,2.179,4.694,4.482,2.645,8.755,8.911,8.582,8.768,5.208,4.099
9.504,5.411,0.819,4.016,8.285,1.295,2.794,5.825,3.437,4.660,0.725,4.061,6.124,1.003,2.822,1.229,-0.073,0.379,1.138,7.878,2.207,4.671,4.463,2.612,8.799,8.925,8.596,8.801,5.238,4.143
9.443,5.393,0.931,3.995,8.330,1.411,2.760,5.719,3.412,4.657,0.548,4.077,6.114,1.067,2.902,1.174,-0.021,0.228,1.299,7.758,2.176,4.855,4.513,2.719,8.730,8.969,8.345,8.913,5.401,4.136
9.480,5.398,0.896,3.919,8.334,1.351,2.867,5.849,3.562,4.698,0.651,4.114,6.122,1.046,2.755,1.194,-0.057,0.402,1.138,7.908,2.167,4.621,4.469,2.589,8.776,8.934,8.586,8.702,5.227,4.167
9.434,5.413,0.956,3.913,8.393,1.412,2.715,5.786,3.429,4.632,0.490,4.058,6.088,1.123,2.853,1.182,-0.051,0.199,1.261,7.821,2.122,4.906,4.511,2.668,8.769,9.001,8.324,8.907,5.319,4.125
9.395,5.438,0.994,3.883,8.368,1.374,2.685,5.748,3.458,4.585,0.466,4.060,6.102,1.134,2.806,1.152,-0.046,0.242,1.291,7.771,2.126,4.863,4.535,2.677,8.764,8.951,8.299,8.897,5.279,4.106
9.373,5.522,0.777,3.940,8.608,1.683,2.415,5.866,3.416,4.869,0.584,3.910,6.167,1.379,2.746,1.135,-0.301,0.328,1.457,7.790,2.055,4.481,4.337,2.850,8.838,8.974,8.391,8.764,5.323,3.790
9.395,5.500,0.858,3.990,8.427,1.422,2.809,5.804,3.431,4.765,0.542,4.062,6.030,0.941,2.715,1.262,-0.163,0.223,1.307,7.898,2.203,4.744,4.496,2.830,8.718,8.927,8.439,8.917,5.391,4.102
9.417,5.493,0.879,3.908,8.323,1.269,2.770,5.820,3.439,4.576,0.651,4.143,5.880,1.028,2.814,1.187,0.004,0.117,1.171,7.724,2.186,4.868,4.439,2.945,8.662,8.914,8.487,8.927,5.396,4.096
9.364,5.362,0.999,3.960,8.510,1.358,2.722,5.710,3.533,4.497,0.498,4.177,6.057,1.180,2.740,1.207,-0.042,0.233,1.302,7.738,2.127,4.913,4.576,2.613,8.741,8.895,8.298,8.996,5.257,4.089
9.314,5.471,0.816,3.871,8.482,1.412,2.890,5.834,3.409,4.705,0.567,4.139,6.155,0.952,2.671,1.171,-0.144,0.156,1.410,7.975,2.167,4.642,4.408,2.794,8.640,8.842,8.502,8.980,5.447,4.084
9.299,5.485,0.851,4.008,8.284,1.349,2.704,5.836,3.464,4.514,0.690,4.104,5.986,0.970,2.673,1.175,-0.008,0.001,1.284,7.750,2.277,4.909,4.379,2.870,8.686,8.894,8.559,8.850,5.522,4.144
9.301,5.369,1.032,3.946,8.465,1.313,2.694,5.707,3.553,4.519,0.495,4.149,6.052,1.205,2.783,1.131,-0.043,0.259,1.236,7.781,2.059,4.858,4.588,2.626,8.745,8.839,8.263,8.987,5.233,4.002
9.431,5.530,0.890,3.970,8.243,1.375,2.686,5.890,3.484,4.484,0.741,4.145,6.025,0.937,2.701,1.174,-0.137,0.080,1.241,7.765,2.240,4.910,4.385,2.919,8.688,8.958,8.539,8.861,5.580,4.164
9.433,5.490,0.922,4.005,8.291,1.369,2.722,5.902,3.500,4.490,0.787,4.133,5.979,0.900,2.718,1.146,-0.141,0.092,1.206,7.781,2.200,4.910,4.370,2.888,8.674,8.916,8.586,8.815,5.557,4.193
9.319,5.334,1.095,3.925,8.467,1.322,2.741,5.707,3.580,4.464,0.503,4.096,5.967,1.183,2.722,1.087,-0.077,0.163,1.302,7.723,2.016,4.837,4.605,2.662,8.653,8.808,8.328,8.976,5.289,4.016
9.371,5.397,0.955,3.961,8.276,1.304,2.697,5.868,3.475,4.443,0.727,4.188,5.935,0.919,2.673,1.176,-0.119,0.106,1.153,7.815,2.184,4.916,4.330,2.920,8.732,8.878,8.570,8.848,5.562,4.159
9.330,5.547,0.923,3.949,8.488,1.330,2.966,5.812,3.490,4.558,0.655,4.027,6.194,0.996,2.751,1.203,-0.048,0.257,1.320,7.948,2.128,4.627,4.426,2.750,8.652,8.886,8.649,9.004,5.533,4.046
9.292,5.413,0.931,3.905,8.476,1.290,2.658,5.807,3.526,4.607,0.450,4.091,6.175,1.290,2.849,1.028,0.077,0.307,1.285,7.726,2.027,4.876,4.671,2.666,8.747,8.831,8.309,9.052,5.120,3.994
9.255,5.402,0.933,3.883,8.513,1.313,2.677,5.823,3.533,4.607,0.456,4.139,6.199,1.291,2.848,1.073,0.035,0.294,1.315,7.710,1.998,4.853,4.632,2.715,8.752,8.797,8.265,9.091,5.102,4.040
9.225,5.645,0.925,4.000,8.526,1.184,2.974,5.815,3.395,4.589,0.621,4.110,6.116,0.962,2.779,1.313,-0.106,0.222,1.343,8.035,2.169,4.609,4.383,2.772,8.685,8.974,8.614,9.025,5.551,4.065
9.246,5.597,0.963,3.937,8.596,1.245,2.962,5.832,3.474,4.580,0.705,4.157,6.094,0.955,2.820,1.345,-0.055,0.263,1.350,8.088,2.198,4.627,4.374,2.776,8.643,8.882,8.695,9.032,5.567,4.000
9.345,5.375,1.074,3.837,8.442,1.221,2.608,5.760,3.685,4.416,0.402,4.206,6.268,1.490,2.795,1.142,-0.209,0.251,1.348,7.864,2.085,4.824,4.511,2.648,8.766,8.960,8.454,9.082,5.192,4.119
9.225,5.607,0.958,3.935,8.435,1.230,3.039,5.762,3.382,4.565,0.540,4.057,6.110,0.896,2.797,1.394,-0.062,0.115,1.330,7.967,2.118,4.705,4.488,2.757,8.616,8.893,8.682,9.073,5.578,4.064
9.231,5.639,0.986,3.901,8.484,1.198,2.993,5.766,3.357,4.594,0.527,4.053,6.147,0.863,2.788,1.392,-0.023,0.128,1.292,7.936,2.127,4.706,4.455,2.800,8.644,8.936,8.678,9.081,5.597,4.031
9.302,5.478,1.035,3.862,8.635,1.224,2.994,5.874,3.402,4.698,0.802,4.114,6.109,0.977,2.778,1.424,-0.134,0.299,1.315,8.045,2.218,4.583,4.457,2.889,8.652,8.846,8.666,9.115,5.472,3.945
9.280,5.445,1.075,3.842,8.661,1.240,2.980,5.852,3.444,4.717,0.813,4.161,6.064,0.929,2.818,1.426,-0.162,0.326,1.341,8.089,2.256,4.540,4.473,2.876,8.622,8.885,8.686,9.122,5.436,3.955
9.360,5.367,1.077,3.857,8.396,1.268,2.640,5.652,3.670,4.457,0.424,4.223,6.217,1.407,2.824,1.182,-0.045,0.363,1.266,8.069,2.270,4.897,4.485,2.744,8.794,8.985,8.300,9.042,5.185,4.025
9.097,5.384,0.915,3.856,8.495,1.278,2.935,5.763,3.518,4.602,0.505,3.959,6.032,1.000,2.868,1.379,-0.130,0.057,1.224,7.931,2.181,4.535,4.291,2.708,8.473,8.908,8.664,9.037,5.593,4.048
9.356,5.336,1.028,3.870,8.369,1.255,2.594,5.641,3.683,4.424,0.500,4.203,6.269,1.336,2.796,1.137,-0.057,0.395,1.280,8.070,2.212,4.914,4.546,2.798,8.723,9.077,8.281,9.040,5.200,3.999
9.357,5.523,1.041,3.817,8.698,1.166,2.925,5.903,3.498,4.670,0.809,4.225,6.155,0.981,2.744,1.497,-0.116,0.445,1.277,8.007,2.208,4.603,4.478,2.987,8.714,8.883,8.676,9.208,5.455,3.939
9.326,5.281,1.279,3.810,8.312,1.283,2.641,5.774,3.695,4.408,0.370,4.162,6.263,1.457,2.778,1.202,-0.133,0.381,1.192,7.932,2.248,4.835,4.606,2.654,8.793,8.964,8.236,9.023,5.171,4.009
9.275,5.254,1.067,3.894,8.359,1.294,2.538,5.598,3.748,4.368,0.477,4.254,6.260,1.285,2.776,1.155,-0.086,0.372,1.255,8.036,2.133,4.949,4.531,2.788,8.725,8.998,8.322,9.021,5.176,4.051
9.246,5.226,1.051,3.931,8.396,1.254,2.576,5.581,3.752,4.383,0.487,4.232,6.233,1.239,2.787,1.133,-0.124,0.410,1.239,8.029,2.164,4.943,4.573,2.818,8.739,8.986,8.313,9.069,5.183,4.068
9.279,5.529,1.103,3.844,8.659,1.190,2.926,5.788,3.486,4.670,0.912,4.275,6.074,0.996,2.771,1.545,-0.200,0.454,1.276,7.989,2.284,4.596,4.522,3.053,8.687,8.894,8.807,9.274,5.448,3.930
9.303,5.481,1.076,3.834,8.677,1.162,2.926,5.749,3.483,4.649,0.961,4.279,6.086,1.011,2.763,1.523,-0.167,0.497,1.317,7.976,2.328,4.611,4.477,3.029,8.695,8.896,8.760,9.248,5.485,3.932
9.237,5.225,1.002,3.888,8.346,1.433,2.563,5.615,3.661,4.339,0.537,4.201,6.188,1.230,2.727,1.229,-0.194,0.256,1.267,8.057,2.183,5.066,4.443,2.677,8.657,9.012,8.339,9.055,5.144,4.081
9.238,5.292,1.105,3.864,8.351,1.172,2.589,5.635,3.824,4.458,0.418,4.183,6.302,1.313,2.844,1.110,-0.166,0.413,1.171,8.033,2.154,4.971,4.614,2.775,8.663,9.023,8.314,9.100,5.159,4.102
9.250,5.185,1.088,3.830,8.309,1.257,2.608,5.654,3.843,4.411,0.389,4.200,6.341,1.243,2.800,1.108,-0.154,0.496,1.140,8.048,2.221,4.975,4.663,2.799,8.567,9.104,8.225,9.081,5.155,4.115
9.274,5.264,1.053,4.007,8.432,1.302,2.654,5.456,3.815,4.424,0.543,4.126,6.170,1.172,2.810,1.110,-0.342,0.436,1.112,8.008,2.303,4.944,4.555,2.821,8.714,8.976,8.453,9.027,5.080,4.046
9.304,5.118,1.074,3.824,8.310,1.215,2.603,5.524,3.824,4.398,0.465,4.166,6.325,1.278,2.878,1.038,-0.142,0.365,1.219,8.042,2.127,4.953,4.630,2.743,8.610,8.995,8.357,9.123,5.234,4.043
9.221,5.136,0.988,3.721,8.325,1.125,2.580,5.633,3.737,4.445,0.328,4.248,6.247,1.206,2.800,1.055,-0.140,0.417,1.181,8.123,2.241,4.979,4.764,2.861,8.622,9.115,8.208,9.113,5.208,4.054
