# (10, 250, 100, 0.5, 1.5, 0.05)
1.474,1.123,0.878,0.599,1.174,1.091,0.604,0.890,1.000,1.112,1.400,0.657,0.828,1.283,0.929,1.174,0.879,0.844,1.338,0.984,0.735,0.540,0.670,1.038,1.259,1.006,0.868,0.614,1.367,1.280
0.603,0.871,1.311,0.596,1.229,1.453,1.302,0.743,0.671,1.483,1.214,0.916,0.730,1.284,0.967,1.133,1.172,0.827,0.913,0.815,1.392,0.568,0.828,1.253,1.078,0.523,1.356,1.333,1.074,1.326
0.703,0.516,1.290,0.786,0.809,0.808,0.531,1.444,0.601,1.299,1.487,1.348,1.128,0.706,0.777,0.874,0.782,0.929,1.061,1.450,1.450,0.790,1.297,1.407,0.762,1.060,1.303,0.771,1.335,0.592
1.061,1.266,0.585,0.977,0.900,0.580,1.371,0.931,1.287,0.977,1.308,1.453,0.832,0.507,0.526,0.882,1.494,0.551,1.236,1.055,0.699,1.262,1.415,1.380,1.437,0.665,1.369,1.254,1.235,0.996
1.438,1.108,0.594,0.866,1.372,0.648,0.839,1.146,0.855,1.067,0.661,0.863,1.082,0.636,0.749,0.500,0.516,0.515,0.605,1.263,0.776,0.893,0.963,0.739,1.301,1.458,1.356,1.377,1.044,0.952
0.654,0.888,1.294,0.610,1.188,1.406,1.370,0.767,0.687,1.409,1.256,0.886,0.782,1.339,0.970,1.190,1.158,0.790,0.922,0.827,1.426,0.593,0.882,1.242,1.042,0.543,1.342,1.321,1.065,1.287
0.703,0.466,1.254,0.762,0.797,0.775,0.484,1.483,0.603,1.318,1.525,1.363,1.154,0.738,0.790,0.833,0.718,0.924,1.054,1.499,1.489,0.805,1.289,1.403,0.813,1.029,1.331,0.776,1.305,0.580
1.422,1.136,0.606,0.874,1.357,0.634,0.823,1.137,0.912,1.067,0.646,0.909,1.019,0.666,0.767,0.503,0.559,0.521,0.578,1.252,0.795,0.886,0.941,0.756,1.267,1.463,1.346,1.406,1.023,0.998
1.441,1.158,0.607,0.846,1.382,0.676,0.859,1.124,0.872,1.052,0.638,0.875,1.079,0.696,0.717,0.524,0.542,0.481,0.586,1.252,0.751,0.845,0.978,0.756,1.287,1.416,1.371,1.361,1.053,0.985
1.438,1.139,0.613,0.854,1.316,0.596,0.836,1.144,0.885,1.081,0.677,0.898,1.019,0.702,0.754,0.528,0.601,0.494,0.553,1.242,0.811,0.886,0.922,0.745,1.264,1.423,1.344,1.393,0.990,1.003
1.460,1.161,0.617,0.861,1.342,0.632,0.822,1.063,0.891,1.040,0.580,0.886,1.065,0.655,0.718,0.530,0.545,0.502,0.596,1.227,0.793,0.884,0.971,0.726,1.317,1.456,1.370,1.377,1.019,0.953
1.417,1.157,0.612,0.914,1.332,0.651,0.789,1.185,0.894,1.076,0.698,0.884,1.011,0.694,0.719,0.454,0.526,0.503,0.609,1.286,0.737,0.916,0.916,0.734,1.301,1.435,1.346,1.432,1.016,1.025
1.459,1.213,0.635,0.827,1.333,0.612,0.783,1.093,0.911,1.068,0.722,0.929,1.014,0.724,0.736,0.536,0.561,0.494,0.510,1.234,0.788,0.854,0.934,0.677,1.267,1.427,1.312,1.365,0.953,0.995
1.418,1.148,0.601,0.928,1.332,0.650,0.806,1.191,0.866,1.062,0.681,0.928,1.014,0.683,0.748,0.450,0.543,0.520,0.602,1.311,0.763,0.903,0.871,0.710,1.312,1.429,1.341,1.459,0.996,1.031
1.419,1.172,0.605,0.890,1.367,0.661,0.778,1.195,0.940,1.079,0.728,0.892,0.979,0.676,0.735,0.438,0.521,0.509,0.603,1.301,0.756,0.896,0.906,0.724,1.306,1.443,1.346,1.404,0.986,1.017
0.819,0.533,1.377,0.717,0.841,0.789,0.486,1.461,0.627,1.291,1.466,1.387,1.158,0.605,0.695,0.890,0.748,0.919,1.071,1.464,1.476,0.812,1.285,1.350,0.779,1.083,1.243,0.615,1.301,0.532
1.384,1.154,0.605,0.876,1.355,0.677,0.796,1.177,0.920,1.088,0.696,0.898,0.986,0.681,0.778,0.428,0.525,0.546,0.596,1.293,0.743,0.861,0.875,0.724,1.333,1.451,1.359,1.403,0.986,0.996
1.406,1.114,0.555,0.915,1.359,0.728,0.799,1.176,0.913,1.019,0.609,0.898,1.077,0.700,0.773,0.491,0.584,0.600,0.624,1.219,0.773,0.961,0.921,0.785,1.217,1.480,1.350,1.445,1.027,0.930
0.779,0.540,1.386,0.660,0.811,0.793,0.532,1.414,0.613,1.317,1.474,1.399,1.164,0.583,0.725,0.897,0.712,0.929,1.067,1.482,1.483,0.836,1.269,1.319,0.790,1.057,1.201,0.622,1.289,0.493
1.373,1.168,0.602,0.899,1.349,0.687,0.819,1.213,0.871,1.094,0.687,0.852,1.007,0.661,0.759,0.386,0.550,0.534,0.574,1.321,0.714,0.849,0.870,0.743,1.309,1.426,1.381,1.400,1.037,0.971
1.384,1.158,0.603,0.876,1.358,0.671,0.809,1.189,0.870,1.100,0.667,0.857,0.994,0.668,0.784,0.378,0.570,0.550,0.555,1.305,0.730,0.846,0.880,0.763,1.284,1.432,1.386,1.409,1.031,0.991
1.374,1.170,0.620,0.927,1.350,0.676,0.808,1.193,0.882,1.115,0.682,0.821,1.021,0.670,0.783,0.366,0.522,0.489,0.579,1.314,0.742,0.850,0.849,0.722,1.331,1.398,1.354,1.357,1.044,0.983
1.385,1.130,0.610,0.860,1.360,0.714,0.803,1.182,0.850,1.093,0.677,0.872,0.983,0.639,0.768,0.351,0.573,0.509,0.556,1.323,0.720,0.830,0.883,0.767,1.253,1.393,1.387,1.412,1.013,0.975
1.363,1.119,0.599,0.864,1.352,0.686,0.783,1.160,0.848,1.110,0.675,0.888,1.015,0.658,0.791,0.361,0.561,0.576,0.527,1.285,0.750,0.832,0.892,0.764,1.282,1.411,1.370,1.423,1.054,0.990
1.346,1.201,0.617,0.895,1.341,0.686,0.768,1.206,0.909,1.045,0.683,0.795,0.998,0.639,0.757,0.357,0.564,0.463,0.601,1.292,0.689,0.851,0.867,0.714,1.367,1.377,1.315,1.352,1.037,1.052
1.325,1.184,0.596,0.894,1.334,0.701,0.750,1.196,0.921,1.043,0.664,0.789,0.996,0.664,0.739,0.348,0.543,0.449,0.587,1.289,0.671,0.861,0.888,0.710,1.384,1.394,1.330,1.370,1.014,1.035
1.337,1.208,0.636,0.924,1.360,0.648,0.766,1.170,0.882,1.014,0.674,0.840,0.997,0.664,0.737,0.351,0.509,0.512,0.609,1.310,0.744,0.881,0.830,0.738,1.400,1.356,1.343,1.375,1.005,1.017
1.354,1.115,0.623,0.884,1.366,0.650,0.752,1.202,0.874,1.157,0.652,0.800,1.013,0.690,0.806,0.348,0.526,0.557,0.608,1.332,0.760,0.869,0.845,0.798,1.314,1.454,1.353,1.384,1.083,0.949
1.337,1.114,0.639,0.898,1.377,0.639,0.750,1.204,0.867,1.138,0.655,0.808,1.004,0.674,0.786,0.354,0.523,0.546,0.624,1.353,0.775,0.880,0.869,0.790,1.332,1.470,1.368,1.391,1.086,0.963
1.395,1.128,0.629,0.912,1.378,0.633,0.745,1.224,0.864,1.184,0.622,0.808,1.033,0.694,0.823,0.319,0.529,0.565,0.580,1.322,0.800,0.871,0.812,0.798,1.273,1.477,1.346,1.399,1.084,0.931
1.406,1.146,0.592,0.862,1.324,0.722,0.832,1.156,0.777,1.072,0.670,0.909,0.988,0.636,0.809,0.289,0.496,0.584,0.521,1.300,0.824,0.799,0.829,0.813,1.273,1.416,1.388,1.443,1.082,1.030
1.288,1.263,0.597,0.930,1.462,0.722,0.775,1.221,0.887,1.062,0.686,0.807,1.067,0.649,0.715,0.352,0.590,0.496,0.606,1.286,0.725,0.818,0.886,0.752,1.355,1.367,1.292,1.393,1.014,1.071
1.290,1.118,0.623,0.905,1.383,0.626,0.740,1.242,0.869,1.143,0.636,0.822,0.965,0.690,0.839,0.371,0.544,0.557,0.628,1.346,0.788,0.894,0.848,0.870,1.273,1.477,1.313,1.425,1.067,0.976
1.295,1.175,0.623,0.898,1.373,0.626,0.719,1.273,0.899,1.225,0.698,0.791,0.988,0.667,0.806,0.323,0.557,0.532,0.591,1.451,0.750,0.850,0.831,0.783,1.360,1.431,1.301,1.361,1.084,0.922
1.252,1.267,0.597,0.899,1.460,0.728,0.788,1.177,0.892,1.023,0.671,0.775,1.082,0.659,0.686,0.324,0.580,0.506,0.650,1.257,0.759,0.784,0.925,0.737,1.357,1.346,1.301,1.388,0.995,1.060
1.237,1.244,0.575,0.881,1.485,0.719,0.803,1.156,0.901,1.025,0.679,0.788,1.071,0.656,0.708,0.303,0.556,0.487,0.632,1.238,0.749,0.799,0.904,0.726,1.366,1.360,1.289,1.406,1.007,1.075
1.311,1.248,0.579,0.898,1.461,0.711,0.803,1.231,0.891,1.079,0.690,0.812,1.109,0.609,0.656,0.348,0.598,0.492,0.632,1.259,0.727,0.748,0.893,0.724,1.377,1.383,1.304,1.394,1.071,0.981
1.281,1.282,0.582,0.898,1.495,0.705,0.809,1.155,0.898,1.007,0.682,0.801,1.060,0.682,0.728,0.317,0.586,0.499,0.614,1.231,0.749,0.834,0.899,0.746,1.357,1.357,1.268,1.407,0.963,1.084
1.320,1.264,0.588,0.944,1.426,0.654,0.777,1.228,0.829,1.012,0.691,0.861,1.072,0.589,0.673,0.332,0.549,0.427,0.574,1.372,0.748,0.911,0.862,0.735,1.394,1.270,1.292,1.392,1.027,1.069
1.343,1.257,0.590,0.942,1.434,0.654,0.774,1.192,0.866,1.037,0.713,0.764,1.114,0.590,0.710,0.325,0.639,0.441,0.678,1.232,0.723,0.802,0.884,0.633,1.342,1.400,1.356,1.417,1.043,1.039
1.288,1.268,0.561,0.939,1.462,0.679,0.752,1.230,0.899,1.049,0.714,0.799,1.087,0.634,0.708,0.312,0.598,0.440,0.664,1.299,0.738,0.780,0.911,0.662,1.347,1.409,1.365,1.418,1.020,1.040
1.293,1.252,0.571,0.936,1.394,0.717,0.745,1.217,0.935,1.026,0.697,0.776,1.101,0.611,0.721,0.311,0.613,0.435,0.613,1.181,0.774,0.830,0.860,0.612,1.318,1.360,1.312,1.357,1.073,1.051
1.298,1.313,0.552,0.882,1.446,0.687,0.810,1.148,0.916,1.007,0.681,0.784,1.066,0.739,0.708,0.324,0.636,0.504,0.583,1.308,0.697,0.864,0.885,0.717,1.322,1.344,1.264,1.456,1.015,1.059
1.307,1.260,0.552,0.908,1.467,0.632,0.798,1.194,0.851,1.003,0.710,0.796,1.021,0.759,0.668,0.323,0.652,0.550,0.571,1.268,0.692,0.817,0.874,0.726,1.276,1.396,1.304,1.439,0.991,1.048
1.223,1.281,0.568,0.959,1.426,0.676,0.721,1.247,0.871,1.024,0.741,0.834,1.056,0.638,0.704,0.318,0.544,0.468,0.651,1.281,0.680,0.760,0.916,0.679,1.315,1.421,1.379,1.390,1.042,1.070
1.288,1.297,0.566,0.922,1.451,0.666,0.712,1.249,0.859,1.020,0.753,0.887,1.080,0.557,0.689,0.313,0.575,0.462,0.587,1.254,0.717,0.774,0.957,0.673,1.369,1.365,1.396,1.436,1.035,1.031
1.281,1.275,0.556,0.922,1.469,0.663,0.703,1.235,0.848,1.042,0.754,0.901,1.065,0.575,0.705,0.295,0.563,0.478,0.564,1.234,0.728,0.794,0.937,0.664,1.384,1.359,1.383,1.458,1.018,1.046
1.303,1.289,0.558,0.897,1.472,0.639,0.721,1.223,0.861,1.053,0.754,0.926,1.085,0.558,0.707,0.312,0.563,0.472,0.557,1.254,0.707,0.775,0.919,0.656,1.374,1.384,1.396,1.455,1.004,1.069
1.259,1.259,0.576,0.938,1.467,0.673,0.700,1.239,0.830,1.055,0.719,0.905,1.095,0.547,0.714,0.288,0.519,0.479,0.529,1.221,0.768,0.798,0.930,0.682,1.386,1.334,1.356,1.424,1.018,1.038
1.337,1.208,0.526,0.873,1.491,0.599,0.739,1.120,0.848,1.013,0.732,0.788,0.989,0.727,0.609,0.259,0.650,0.577,0.633,1.294,0.690,0.814,0.801,0.704,1.260,1.370,1.300,1.389,0.970,1.049
1.289,1.275,0.594,0.909,1.457,0.669,0.697,1.275,0.846,1.048,0.754,0.873,1.089,0.546,0.720,0.286,0.526,0.453,0.532,1.215,0.774,0.805,0.937,0.666,1.410,1.334,1.372,1.431,1.025,1.038
1.289,1.233,0.573,0.904,1.427,0.622,0.726,1.217,0.821,1.041,0.775,0.849,1.098,0.531,0.711,0.264,0.535,0.473,0.501,1.251,0.730,0.812,0.969,0.674,1.388,1.371,1.400,1.454,1.014,1.025
1.243,1.249,0.535,0.952,1.485,0.666,0.693,1.218,0.851,1.029,0.724,0.885,1.106,0.556,0.665,0.340,0.514,0.437,0.503,1.249,0.796,0.813,0.947,0.647,1.359,1.347,1.402,1.427,1.048,1.018
1.324,1.165,0.485,0.903,1.504,0.618,0.728,1.119,0.907,0.999,0.721,0.787,0.933,0.736,0.656,0.274,0.629,0.583,0.640,1.348,0.694,0.806,0.863,0.675,1.340,1.365,1.286,1.353,0.960,1.021
1.346,1.182,0.479,0.892,1.524,0.605,0.748,1.125,0.919,1.011,0.716,0.762,0.938,0.718,0.633,0.273,0.648,0.562,0.626,1.343,0.683,0.794,0.867,0.667,1.316,1.353,1.293,1.358,0.939,1.008
1.293,1.254,0.553,0.936,1.469,0.659,0.637,1.183,0.835,1.010,0.714,0.884,1.129,0.552,0.677,0.356,0.466,0.410,0.550,1.234,0.783,0.773,0.950,0.678,1.355,1.339,1.419,1.413,1.027,1.015
1.327,1.179,0.507,0.894,1.514,0.610,0.729,1.109,0.911,1.011,0.718,0.733,0.941,0.721,0.639,0.252,0.648,0.588,0.637,1.351,0.703,0.774,0.897,0.663,1.287,1.318,1.287,1.354,0.940,0.973
1.308,1.297,0.539,0.947,1.488,0.633,0.682,1.184,0.806,0.990,0.719,0.896,1.143,0.596,0.671,0.371,0.430,0.430,0.531,1.199,0.809,0.799,0.972,0.678,1.329,1.364,1.401,1.415,1.015,1.029
1.326,1.161,0.508,0.887,1.515,0.637,0.723,1.108,0.841,1.021,0.695,0.747,0.985,0.697,0.667,0.253,0.674,0.595,0.635,1.388,0.663,0.823,0.904,0.660,1.304,1.336,1.323,1.385,0.966,1.007
1.303,1.250,0.542,0.948,1.475,0.609,0.643,1.180,0.845,0.990,0.734,0.919,1.138,0.616,0.723,0.381,0.465,0.443,0.569,1.248,0.776,0.798,0.983,0.665,1.352,1.316,1.422,1.421,1.004,1.035
1.288,1.251,0.492,0.923,1.462,0.670,0.707,1.164,0.840,1.052,0.751,0.833,1.111,0.558,0.668,0.312,0.516,0.469,0.510,1.210,0.685,0.761,0.979,0.647,1.249,1.276,1.429,1.435,1.055,0.956
1.276,1.240,0.485,0.885,1.443,0.674,0.695,1.183,0.813,1.054,0.713,0.837,1.092,0.523,0.639,0.312,0.500,0.459,0.536,1.190,0.638,0.764,0.956,0.641,1.277,1.281,1.429,1.413,1.110,0.997
1.236,1.245,0.548,0.949,1.499,0.595,0.638,1.210,0.816,0.959,0.722,0.946,1.110,0.641,0.712,0.388,0.458,0.419,0.582,1.207,0.757,0.825,1.010,0.664,1.322,1.326,1.418,1.429,0.972,1.034
1.283,1.220,0.532,0.872,1.463,0.622,0.612,1.162,0.847,0.950,0.728,0.914,1.099,0.530,0.704,0.319,0.487,0.439,0.596,1.219,0.778,0.778,0.949,0.652,1.356,1.332,1.353,1.462,1.061,1.013
1.252,1.237,0.484,0.972,1.495,0.590,0.590,1.159,0.849,1.024,0.673,0.891,1.121,0.593,0.653,0.383,0.513,0.410,0.601,1.215,0.787,0.816,1.017,0.642,1.283,1.359,1.403,1.480,1.022,1.030
1.249,1.235,0.551,0.879,1.435,0.630,0.649,1.204,0.852,0.924,0.749,0.907,1.119,0.491,0.723,0.324,0.514,0.463,0.586,1.196,0.781,0.738,0.968,0.653,1.364,1.356,1.345,1.455,1.059,1.013
1.246,1.224,0.567,0.888,1.428,0.641,0.630,1.225,0.839,0.912,0.751,0.903,1.100,0.500,0.707,0.322,0.519,0.488,0.565,1.214,0.760,0.756,0.954,0.635,1.373,1.339,1.369,1.459,1.067,1.035
1.222,1.317,0.439,0.905,1.493,0.659,0.556,1.129,0.813,1.067,0.732,0.902,1.122,0.566,0.628,0.417,0.529,0.470,0.594,1.262,0.678,0.837,0.942,0.638,1.276,1.359,1.425,1.441,1.100,0.915
1.256,1.236,0.519,0.863,1.438,0.718,0.670,1.184,0.854,0.971,0.706,0.892,1.088,0.519,0.644,0.227,0.531,0.490,0.599,1.274,0.619,0.731,0.941,0.636,1.302,1.256,1.414,1.458,1.141,0.982
1.229,1.299,0.405,0.936,1.462,0.649,0.596,1.098,0.836,1.102,0.704,0.911,1.147,0.552,0.612,0.408,0.500,0.470,0.577,1.261,0.693,0.805,0.946,0.635,1.244,1.337,1.402,1.444,1.122,0.897
1.247,1.289,0.419,0.876,1.476,0.642,0.568,1.088,0.854,1.059,0.766,0.841,1.132,0.568,0.646,0.416,0.539,0.501,0.603,1.279,0.685,0.808,0.981,0.578,1.285,1.350,1.388,1.450,1.127,0.926
1.237,1.330,0.395,0.950,1.464,0.683,0.559,1.094,0.768,1.129,0.707,0.912,1.096,0.537,0.687,0.410,0.535,0.411,0.547,1.306,0.698,0.819,0.966,0.642,1.270,1.316,1.404,1.400,1.110,0.892
1.309,1.226,0.446,0.905,1.413,0.719,0.761,1.230,0.913,1.068,0.684,0.911,1.149,0.552,0.675,0.272,0.553,0.406,0.481,1.271,0.684,0.748,0.930,0.643,1.288,1.246,1.405,1.422,1.122,1.057
1.190,1.320,0.482,0.938,1.469,0.736,0.561,1.086,0.763,1.088,0.713,0.863,1.103,0.534,0.639,0.361,0.541,0.505,0.524,1.271,0.676,0.909,0.951,0.708,1.201,1.347,1.418,1.410,1.094,0.928
1.264,1.255,0.372,0.923,1.479,0.651,0.596,1.078,0.856,1.123,0.717,0.922,1.161,0.552,0.631,0.479,0.560,0.493,0.632,1.268,0.700,0.821,0.993,0.636,1.253,1.347,1.382,1.411,1.086,0.900
1.330,1.220,0.482,0.917,1.409,0.720,0.808,1.211,0.907,1.088,0.696,0.905,1.191,0.578,0.649,0.241,0.556,0.415,0.469,1.296,0.699,0.712,0.894,0.632,1.232,1.202,1.415,1.396,1.153,1.020
1.143,1.343,0.453,0.957,1.492,0.759,0.531,1.115,0.715,1.094,0.702,0.890,1.050,0.539,0.644,0.379,0.526,0.487,0.541,1.278,0.681,0.917,0.943,0.696,1.219,1.352,1.413,1.439,1.080,0.956
1.287,1.269,0.535,0.956,1.394,0.714,0.807,1.183,0.925,1.103,0.690,0.921,1.180,0.628,0.647,0.249,0.552,0.395,0.468,1.324,0.670,0.726,0.918,0.581,1.209,1.191,1.367,1.430,1.137,1.003
1.199,1.307,0.486,0.923,1.518,0.760,0.545,1.077,0.772,1.111,0.715,0.900,1.054,0.548,0.700,0.363,0.505,0.510,0.518,1.329,0.626,0.916,0.936,0.714,1.225,1.298,1.425,1.434,1.096,0.890
1.159,1.326,0.448,1.006,1.466,0.776,0.505,1.072,0.740,1.058,0.751,0.866,1.051,0.514,0.716,0.364,0.511,0.483,0.508,1.262,0.696,0.938,0.969,0.755,1.206,1.320,1.367,1.454,1.091,0.915
1.201,1.326,0.414,0.919,1.533,0.749,0.595,1.075,0.793,1.117,0.742,0.932,1.092,0.620,0.725,0.319,0.484,0.460,0.528,1.300,0.677,0.936,0.962,0.759,1.228,1.334,1.409,1.457,1.112,0.944
1.181,1.305,0.444,0.935,1.596,0.755,0.584,1.069,0.752,1.103,0.706,0.960,1.095,0.595,0.696,0.326,0.506,0.418,0.522,1.320,0.631,0.951,1.018,0.709,1.234,1.333,1.442,1.466,1.093,0.930
1.184,1.263,0.472,0.935,1.506,0.789,0.540,1.059,0.803,1.106,0.747,0.910,0.996,0.505,0.701,0.365,0.469,0.569,0.524,1.356,0.605,0.910,0.956,0.743,1.208,1.309,1.411,1.366,1.060,0.900
1.182,1.317,0.445,0.914,1.602,0.782,0.572,1.077,0.742,1.096,0.717,0.973,1.117,0.595,0.736,0.335,0.519,0.406,0.542,1.318,0.620,0.923,1.054,0.687,1.245,1.295,1.440,1.466,1.092,0.937
1.155,1.312,0.426,0.907,1.527,0.741,0.560,1.134,0.805,1.176,0.715,0.970,1.099,0.575,0.722,0.375,0.484,0.418,0.529,1.293,0.638,0.937,0.945,0.735,1.215,1.340,1.457,1.491,1.087,0.954
1.180,1.346,0.482,0.924,1.598,0.754,0.574,1.057,0.722,1.125,0.735,0.971,1.102,0.563,0.761,0.345,0.545,0.373,0.589,1.333,0.619,0.897,1.055,0.691,1.213,1.284,1.443,1.427,1.061,0.919
1.178,1.304,0.536,0.854,1.456,0.822,0.616,1.058,0.744,1.104,0.705,0.902,1.040,0.491,0.638,0.383,0.426,0.529,0.551,1.327,0.691,0.929,0.947,0.697,1.213,1.310,1.444,1.391,1.089,0.845
1.159,1.289,0.544,0.885,1.467,0.787,0.588,1.083,0.784,1.099,0.722,0.876,1.037,0.517,0.586,0.409,0.465,0.506,0.557,1.315,0.653,0.882,0.956,0.717,1.188,1.290,1.487,1.387,1.064,0.852
1.167,1.305,0.555,0.898,1.437,0.828,0.617,1.072,0.723,1.098,0.699,0.880,1.001,0.506,0.595,0.427,0.448,0.495,0.591,1.300,0.697,0.973,0.925,0.691,1.198,1.320,1.412,1.401,1.131,0.849
1.234,1.320,0.491,0.896,1.477,0.751,0.639,1.067,0.762,1.096,0.722,0.883,1.070,0.555,0.657,0.482,0.451,0.537,0.525,1.371,0.678,0.954,0.954,0.671,1.226,1.327,1.473,1.382,1.068,0.901
1.159,1.268,0.507,0.839,1.496,0.795,0.545,1.103,0.728,1.049,0.752,0.866,1.035,0.510,0.582,0.406,0.448,0.489,0.567,1.325,0.644,0.882,0.943,0.673,1.195,1.276,1.470,1.394,1.083,0.829
1.197,1.312,0.466,0.878,1.461,0.754,0.665,1.083,0.814,1.080,0.679,0.851,1.091,0.526,0.636,0.448,0.434,0.522,0.517,1.360,0.657,0.953,0.956,0.652,1.245,1.240,1.470,1.375,1.084,0.867
1.211,1.286,0.533,0.867,1.501,0.787,0.684,1.113,0.817,1.119,0.731,0.905,1.112,0.528,0.683,0.484,0.425,0.481,0.489,1.323,0.627,0.990,0.914,0.642,1.243,1.276,1.427,1.415,1.053,0.946
1.205,1.310,0.460,0.871,1.527,0.724,0.631,1.116,0.808,1.108,0.687,0.865,1.050,0.500,0.609,0.429,0.414,0.589,0.488,1.352,0.708,0.975,0.926,0.657,1.198,1.261,1.447,1.433,1.122,0.890
1.218,1.324,0.477,0.863,1.489,0.775,0.626,1.153,0.802,1.124,0.743,0.888,1.135,0.528,0.654,0.495,0.493,0.446,0.479,1.346,0.624,0.983,0.889,0.634,1.266,1.267,1.457,1.434,1.036,0.967
1.256,1.276,0.564,0.920,1.425,0.741,0.672,1.063,0.702,1.124,0.723,0.873,1.045,0.506,0.667,0.480,0.444,0.473,0.527,1.342,0.647,0.970,0.932,0.695,1.251,1.364,1.449,1.433,1.032,0.876
1.267,1.238,0.549,0.897,1.528,0.789,0.671,1.124,0.829,1.117,0.746,0.888,1.091,0.523,0.700,0.488,0.462,0.446,0.501,1.318,0.628,0.998,0.902,0.648,1.224,1.287,1.410,1.456,1.074,0.959
1.191,1.232,0.574,0.926,1.502,0.759,0.614,1.086,0.792,1.126,0.768,0.911,1.096,0.510,0.706,0.460,0.394,0.421,0.542,1.283,0.603,1.044,0.919,0.645,1.228,1.284,1.420,1.404,1.054,0.935
1.234,1.377,0.454,0.797,1.492,0.816,0.619,1.137,0.847,1.093,0.757,0.890,1.196,0.502,0.645,0.485,0.479,0.442,0.461,1.326,0.599,1.033,0.871,0.657,1.282,1.266,1.431,1.392,1.054,0.979
1.197,1.245,0.445,0.853,1.486,0.759,0.569,1.123,0.847,1.096,0.706,0.907,1.142,0.517,0.672,0.530,0.475,0.447,0.425,1.287,0.640,1.043,0.888,0.670,1.247,1.315,1.422,1.377,1.037,0.948
1.212,1.384,0.568,0.968,1.420,0.758,0.575,1.074,0.731,1.009,0.674,0.855,1.018,0.616,0.750,0.488,0.510,0.419,0.605,1.276,0.630,0.980,0.916,0.687,1.236,1.316,1.429,1.404,1.135,0.783
1.196,1.287,0.427,0.820,1.524,0.751,0.582,1.136,0.867,1.042,0.738,0.915,1.165,0.518,0.702,0.567,0.450,0.478,0.438,1.300,0.637,0.992,0.905,0.680,1.321,1.241,1.387,1.344,1.048,0.958
1.211,1.222,0.413,0.889,1.465,0.737,0.556,1.124,0.823,1.059,0.664,0.906,1.126,0.534,0.630,0.525,0.453,0.446,0.453,1.285,0.591,1.070,0.901,0.670,1.257,1.306,1.425,1.401,1.042,0.976
1.164,1.221,0.456,0.852,1.448,0.748,0.626,1.115,0.900,1.134,0.649,0.865,1.136,0.445,0.664,0.555,0.470,0.424,0.517,1.318,0.639,0.994,0.900,0.676,1.292,1.280,1.471,1.380,1.068,0.932
1.187,1.241,0.438,0.856,1.454,0.740,0.603,1.121,0.914,1.155,0.632,0.857,1.112,0.450,0.650,0.535,0.451,0.405,0.504,1.307,0.617,0.995,0.916,0.654,1.273,1.299,1.460,1.378,1.057,0.936
1.210,1.345,0.466,0.777,1.482,0.792,0.612,1.124,0.871,1.095,0.796,0.876,1.163,0.484,0.615,0.478,0.505,0.466,0.452,1.296,0.548,1.063,0.824,0.611,1.344,1.302,1.436,1.393,0.992,0.977
1.271,1.271,0.424,0.872,1.471,0.723,0.499,1.133,0.800,1.087,0.689,0.864,1.166,0.543,0.685,0.513,0.475,0.412,0.466,1.254,0.590,1.073,0.908,0.709,1.213,1.327,1.457,1.384,1.014,0.971
1.192,1.256,0.510,0.845,1.482,0.810,0.605,1.155,0.856,1.109,0.734,0.868,1.141,0.496,0.639,0.556,0.540,0.488,0.428,1.314,0.685,1.002,0.885,0.572,1.227,1.306,1.466,1.355,1.050,0.983
1.238,1.228,0.455,0.903,1.442,0.706,0.486,1.154,0.762,1.087,0.648,0.868,1.213,0.504,0.647,0.522,0.481,0.398,0.482,1.246,0.589,1.056,0.906,0.704,1.233,1.366,1.457,1.431,1.006,1.001
1.215,1.434,0.397,0.740,1.488,0.830,0.663,1.148,0.893,1.087,0.810,0.886,1.132,0.506,0.565,0.533,0.536,0.434,0.435,1.257,0.578,0.990,0.827,0.582,1.319,1.229,1.465,1.379,0.935,1.003
1.245,1.215,0.456,0.868,1.494,0.709,0.509,1.170,0.785,1.130,0.687,0.870,1.178,0.511,0.667,0.557,0.530,0.366,0.482,1.269,0.555,1.060,0.941,0.671,1.248,1.349,1.465,1.416,1.016,0.967
1.235,1.270,0.437,0.874,1.418,0.684,0.499,1.145,0.751,1.092,0.659,0.847,1.232,0.520,0.590,0.514,0.483,0.404,0.481,1.277,0.596,1.065,0.901,0.667,1.218,1.375,1.446,1.415,0.990,1.022
1.216,1.227,0.421,0.898,1.446,0.779,0.416,1.151,0.769,1.106,0.651,0.899,1.181,0.472,0.690,0.482,0.471,0.415,0.433,1.216,0.539,1.121,0.892,0.762,1.244,1.370,1.435,1.395,1.058,0.971
1.198,1.369,0.503,0.770,1.486,0.799,0.683,1.109,0.898,1.110,0.767,0.824,1.087,0.529,0.588,0.589,0.560,0.426,0.412,1.244,0.554,1.045,0.833,0.565,1.300,1.272,1.490,1.402,0.991,1.049
1.220,1.418,0.455,0.786,1.496,0.746,0.668,1.087,0.852,1.098,0.772,0.850,1.098,0.466,0.546,0.548,0.540,0.445,0.401,1.244,0.618,0.984,0.772,0.499,1.324,1.228,1.492,1.386,0.945,0.998
1.241,1.376,0.479,0.800,1.449,0.802,0.714,1.145,0.840,1.118,0.814,0.814,1.078,0.476,0.571,0.588,0.560,0.463,0.370,1.241,0.586,1.008,0.890,0.621,1.366,1.261,1.499,1.396,0.966,0.989
1.155,1.396,0.401,0.807,1.489,0.731,0.681,1.076,0.865,1.103,0.767,0.856,1.132,0.442,0.578,0.620,0.532,0.401,0.440,1.261,0.584,0.957,0.768,0.482,1.352,1.246,1.488,1.398,0.948,1.023
1.174,1.388,0.412,0.820,1.480,0.743,0.692,1.052,0.849,1.090,0.773,0.832,1.134,0.434,0.568,0.601,0.509,0.407,0.463,1.255,0.586,0.975,0.755,0.497,1.350,1.243,1.509,1.405,0.941,1.045
1.204,1.465,0.425,0.733,1.515,0.741,0.636,1.111,0.850,1.101,0.770,0.789,1.083,0.498,0.567,0.532,0.508,0.419,0.411,1.249,0.687,0.976,0.803,0.509,1.301,1.214,1.463,1.349,1.015,0.994
1.178,1.361,0.410,0.785,1.462,0.753,0.688,1.038,0.809,1.117,0.764,0.840,1.150,0.440,0.553,0.618,0.534,0.421,0.480,1.261,0.595,0.942,0.756,0.463,1.353,1.247,1.509,1.404,0.963,1.054
1.249,1.431,0.414,0.771,1.535,0.786,0.672,1.126,0.885,1.068,0.809,0.804,1.166,0.411,0.536,0.546,0.555,0.431,0.419,1.226,0.541,0.985,0.825,0.512,1.329,1.247,1.375,1.380,0.869,1.095
1.231,1.460,0.437,0.753,1.522,0.731,0.611,1.126,0.861,1.109,0.773,0.731,1.097,0.493,0.545,0.529,0.497,0.438,0.416,1.252,0.694,0.989,0.812,0.511,1.308,1.220,1.485,1.361,1.006,1.004
1.244,1.478,0.448,0.759,1.540,0.735,0.595,1.105,0.847,1.111,0.778,0.718,1.092,0.477,0.540,0.511,0.498,0.431,0.404,1.254,0.685,1.005,0.790,0.517,1.324,1.235,1.481,1.352,0.994,1.027
1.227,1.443,0.365,0.758,1.555,0.726,0.630,1.097,0.872,1.098,0.766,0.709,1.071,0.470,0.547,0.515,0.530,0.380,0.444,1.275,0.704,0.970,0.801,0.512,1.349,1.203,1.526,1.349,1.020,1.036
1.211,1.404,0.408,0.780,1.573,0.697,0.643,1.131,0.845,1.105,0.824,0.764,1.022,0.490,0.514,0.534,0.505,0.362,0.424,1.279,0.649,0.995,0.746,0.496,1.277,1.221,1.488,1.313,1.025,1.042
1.272,1.475,0.427,0.755,1.557,0.690,0.614,1.130,0.853,1.142,0.824,0.715,1.038,0.462,0.550,0.574,0.539,0.357,0.389,1.309,0.664,1.000,0.789,0.480,1.305,1.178,1.493,1.342,1.007,1.030
1.218,1.489,0.470,0.740,1.535,0.776,0.571,1.108,0.813,1.144,0.832,0.730,1.034,0.453,0.554,0.515,0.420,0.445,0.367,1.262,0.708,0.995,0.730,0.522,1.359,1.217,1.479,1.365,0.968,1.026
1.222,1.549,0.461,0.791,1.525,0.764,0.579,1.133,0.808,1.133,0.845,0.754,1.058,0.462,0.553,0.518,0.418,0.439,0.334,1.252,0.737,0.974,0.718,0.537,1.338,1.240,1.450,1.375,0.965,1.005
1.243,1.535,0.451,0.806,1.504,0.784,0.568,1.149,0.792,1.139,0.836,0.743,1.040,0.478,0.530,0.525,0.396,0.441,0.350,1.259,0.758,0.974,0.700,0.558,1.333,1.258,1.445,1.384,0.952,0.986
1.249,1.440,0.391,0.764,1.588,0.692,0.669,1.118,0.859,1.081,0.806,0.739,1.126,0.460,0.548,0.515,0.526,0.403,0.421,1.280,0.679,0.962,0.749,0.459,1.354,1.171,1.512,1.343,0.996,1.051
1.219,1.420,0.409,0.749,1.579,0.704,0.715,1.107,0.873,1.052,0.822,0.738,1.108,0.425,0.551,0.514,0.532,0.445,0.438,1.285,0.671,0.950,0.764,0.466,1.342,1.198,1.505,1.317,0.973,1.023
1.265,1.448,0.384,0.775,1.550,0.711,0.750,1.067,0.871,1.090,0.832,0.731,1.135,0.450,0.566,0.485,0.525,0.404,0.438,1.273,0.635,0.962,0.768,0.460,1.356,1.146,1.487,1.347,0.975,1.034
1.290,1.430,0.386,0.795,1.571,0.720,0.739,1.045,0.870,1.108,0.848,0.720,1.128,0.452,0.544,0.461,0.516,0.422,0.416,1.262,0.646,0.981,0.749,0.460,1.335,1.161,1.497,1.324,0.957,1.047
1.269,1.432,0.375,0.808,1.592,0.666,0.659,1.104,0.865,1.030,0.866,0.734,1.107,0.484,0.524,0.558,0.567,0.416,0.426,1.302,0.648,0.958,0.686,0.507,1.336,1.139,1.444,1.319,0.990,1.054
1.316,1.481,0.347,0.779,1.587,0.641,0.647,1.112,0.840,1.072,0.865,0.742,1.076,0.512,0.567,0.536,0.565,0.370,0.395,1.287,0.618,0.975,0.730,0.492,1.331,1.177,1.458,1.364,1.031,1.032
1.253,1.469,0.387,0.748,1.586,0.639,0.760,1.153,0.811,1.171,0.898,0.783,1.088,0.481,0.564,0.596,0.507,0.322,0.366,1.236,0.654,0.981,0.795,0.530,1.260,1.267,1.447,1.393,1.057,1.022
1.229,1.457,0.391,0.761,1.570,0.756,0.660,1.157,0.831,1.069,0.873,0.771,1.119,0.464,0.480,0.496,0.555,0.304,0.366,1.262,0.711,0.992,0.787,0.479,1.350,1.184,1.561,1.243,1.079,1.073
1.249,1.408,0.370,0.748,1.609,0.749,0.629,1.145,0.817,1.079,0.848,0.760,1.142,0.472,0.527,0.520,0.563,0.307,0.364,1.241,0.710,0.963,0.795,0.510,1.354,1.181,1.525,1.298,1.056,1.096
1.242,1.439,0.322,0.798,1.547,0.727,0.675,1.139,0.867,1.101,0.877,0.647,1.115,0.466,0.526,0.584,0.592,0.383,0.376,1.345,0.665,0.972,0.676,0.528,1.345,1.146,1.446,1.312,0.965,0.993
1.246,1.455,0.302,0.799,1.524,0.706,0.666,1.125,0.872,1.116,0.857,0.660,1.113,0.476,0.512,0.575,0.600,0.404,0.394,1.354,0.688,0.981,0.691,0.546,1.336,1.136,1.439,1.323,0.969,1.009
1.201,1.400,0.358,0.808,1.618,0.662,0.634,1.220,0.783,1.041,0.853,0.757,1.128,0.516,0.491,0.480,0.634,0.290,0.416,1.245,0.693,0.968,0.771,0.482,1.366,1.189,1.545,1.271,0.997,1.071
1.275,1.465,0.342,0.773,1.583,0.758,0.661,1.148,0.870,1.055,0.889,0.638,1.099,0.507,0.531,0.570,0.560,0.374,0.373,1.363,0.637,0.991,0.666,0.513,1.326,1.134,1.483,1.345,0.943,0.998
1.256,1.431,0.304,0.793,1.563,0.666,0.701,1.052,0.793,1.066,0.859,0.721,1.085,0.547,0.471,0.511,0.668,0.447,0.388,1.298,0.578,1.022,0.583,0.407,1.333,1.056,1.395,1.346,1.030,1.031
1.196,1.359,0.346,0.772,1.628,0.637,0.603,1.220,0.759,1.053,0.868,0.725,1.127,0.495,0.504,0.471,0.657,0.249,0.400,1.215,0.645,0.948,0.817,0.455,1.349,1.156,1.514,1.269,0.980,1.057
1.284,1.393,0.304,0.811,1.597,0.661,0.669,1.056,0.795,1.103,0.859,0.733,1.098,0.544,0.450,0.538,0.674,0.473,0.376,1.321,0.577,0.984,0.552,0.422,1.308,1.089,1.402,1.336,1.030,1.013
1.287,1.370,0.289,0.791,1.617,0.684,0.688,1.076,0.785,1.119,0.884,0.724,1.083,0.533,0.449,0.527,0.681,0.486,0.387,1.337,0.600,0.962,0.547,0.406,1.297,1.075,1.379,1.346,1.036,0.998
1.205,1.345,0.375,0.775,1.685,0.633,0.646,1.219,0.822,0.991,0.824,0.753,1.081,0.510,0.426,0.494,0.639,0.277,0.404,1.230,0.719,0.969,0.760,0.490,1.360,1.157,1.520,1.275,0.969,1.049
1.134,1.388,0.396,0.845,1.636,0.572,0.653,1.199,0.772,1.022,0.856,0.741,1.201,0.544,0.531,0.469,0.670,0.276,0.364,1.196,0.619,0.920,0.792,0.477,1.354,1.176,1.562,1.280,1.006,1.052
1.139,1.381,0.403,0.867,1.632,0.596,0.672,1.186,0.768,1.019,0.834,0.737,1.186,0.567,0.535,0.488,0.672,0.272,0.352,1.172,0.596,0.936,0.793,0.490,1.354,1.185,1.561,1.284,0.982,1.040
1.286,1.479,0.333,0.784,1.549,0.787,0.655,1.124,0.920,1.075,0.908,0.580,1.046,0.529,0.532,0.629,0.491,0.320,0.448,1.381,0.611,0.974,0.609,0.428,1.328,1.128,1.444,1.392,0.927,1.018
1.263,1.455,0.354,0.769,1.558,0.781,0.692,1.146,0.862,1.072,0.936,0.614,1.110,0.531,0.486,0.653,0.499,0.332,0.440,1.415,0.595,1.042,0.655,0.451,1.295,1.169,1.421,1.337,0.913,0.988
1.245,1.507,0.361,0.731,1.577,0.803,0.643,1.172,0.844,1.045,0.876,0.585,1.075,0.507,0.489,0.671,0.581,0.325,0.459,1.365,0.631,1.048,0.675,0.460,1.301,1.113,1.477,1.341,0.974,1.081
1.121,1.387,0.424,0.883,1.655,0.588,0.678,1.201,0.743,1.002,0.799,0.706,1.220,0.579,0.519,0.471,0.720,0.271,0.328,1.164,0.618,0.938,0.790,0.515,1.408,1.222,1.579,1.286,0.964,1.015
1.273,1.554,0.344,0.685,1.571,0.802,0.607,1.191,0.825,1.038,0.869,0.596,1.063,0.522,0.486,0.708,0.605,0.310,0.433,1.390,0.613,1.015,0.666,0.484,1.298,1.099,1.491,1.315,0.965,1.089
1.074,1.405,0.460,0.876,1.661,0.577,0.710,1.232,0.759,0.992,0.770,0.695,1.239,0.572,0.483,0.489,0.747,0.290,0.345,1.185,0.631,0.941,0.823,0.506,1.426,1.256,1.591,1.250,0.959,1.049
1.256,1.480,0.407,0.862,1.532,0.779,0.673,1.122,0.887,1.020,0.928,0.582,1.105,0.557,0.603,0.594,0.545,0.341,0.467,1.380,0.627,1.046,0.698,0.490,1.262,1.204,1.415,1.346,0.970,0.990
1.251,1.470,0.408,0.872,1.548,0.768,0.660,1.124,0.875,1.010,0.917,0.581,1.087,0.543,0.588,0.569,0.543,0.357,0.447,1.388,0.627,1.040,0.710,0.492,1.281,1.219,1.421,1.368,0.963,0.972
1.245,1.520,0.381,0.853,1.610,0.795,0.637,1.148,0.987,1.071,0.847,0.567,1.046,0.575,0.524,0.599,0.549,0.359,0.421,1.437,0.601,0.943,0.656,0.466,1.290,1.187,1.475,1.335,0.915,1.067
1.239,1.497,0.369,0.841,1.598,0.773,0.651,1.149,0.964,1.081,0.837,0.589,1.064,0.568,0.543,0.589,0.553,0.384,0.446,1.415,0.594,0.952,0.631,0.466,1.291,1.174,1.484,1.321,0.902,1.070
1.252,1.488,0.426,0.860,1.487,0.734,0.646,1.150,0.899,1.012,0.898,0.562,1.064,0.589,0.621,0.581,0.599,0.313,0.444,1.360,0.638,0.999,0.719,0.492,1.287,1.230,1.410,1.395,0.996,0.915
1.216,1.482,0.413,0.944,1.535,0.748,0.611,1.142,0.940,0.988,0.941,0.601,1.079,0.536,0.669,0.624,0.557,0.367,0.434,1.388,0.608,1.076,0.715,0.472,1.306,1.197,1.419,1.406,0.998,0.980
1.224,1.486,0.447,0.913,1.504,0.751,0.654,1.082,0.830,1.033,0.895,0.592,1.077,0.554,0.584,0.545,0.606,0.316,0.496,1.386,0.674,1.019,0.699,0.501,1.238,1.176,1.417,1.349,0.958,1.004
1.234,1.457,0.409,0.908,1.509,0.730,0.594,1.135,0.943,0.971,0.926,0.634,1.076,0.556,0.681,0.627,0.548,0.363,0.426,1.385,0.627,1.091,0.734,0.475,1.333,1.174,1.400,1.381,0.994,1.010
1.239,1.468,0.422,0.894,1.518,0.743,0.624,1.091,0.801,1.008,0.904,0.591,1.079,0.576,0.631,0.569,0.564,0.327,0.485,1.385,0.631,0.975,0.727,0.475,1.252,1.198,1.409,1.360,0.975,0.971
1.244,1.453,0.409,0.916,1.481,0.771,0.652,1.075,0.774,1.015,0.884,0.565,1.058,0.590,0.613,0.543,0.532,0.324,0.472,1.420,0.632,0.972,0.684,0.444,1.244,1.176,1.381,1.327,1.008,1.025
1.228,1.459,0.391,0.936,1.496,0.765,0.642,1.068,0.782,0.995,0.908,0.570,1.044,0.577,0.624,0.555,0.546,0.315,0.495,1.437,0.638,0.996,0.679,0.441,1.243,1.172,1.358,1.335,1.013,1.030
1.281,1.486,0.416,0.909,1.511,0.709,0.630,1.099,0.746,1.016,0.882,0.570,1.059,0.577,0.618,0.534,0.557,0.334,0.500,1.412,0.636,0.983,0.749,0.533,1.245,1.167,1.411,1.335,0.996,0.925
1.264,1.484,0.413,0.919,1.530,0.715,0.608,1.098,0.728,1.020,0.878,0.558,1.054,0.570,0.639,0.520,0.560,0.346,0.478,1.388,0.648,1.007,0.760,0.540,1.239,1.153,1.433,1.313,1.009,0.931
1.311,1.525,0.455,0.916,1.526,0.719,0.615,1.104,0.762,1.020,0.917,0.569,1.066,0.569,0.581,0.558,0.545,0.321,0.520,1.447,0.609,0.956,0.768,0.508,1.288,1.130,1.415,1.330,1.034,0.944
1.173,1.407,0.398,0.988,1.581,0.822,0.505,1.090,0.852,1.018,0.995,0.633,1.023,0.490,0.700,0.552,0.589,0.346,0.367,1.327,0.651,1.040,0.661,0.430,1.302,1.213,1.407,1.478,1.043,0.948
1.298,1.443,0.466,0.916,1.471,0.676,0.590,1.104,0.776,1.013,0.954,0.462,1.098,0.604,0.630,0.523,0.588,0.344,0.538,1.422,0.575,1.046,0.791,0.539,1.241,1.179,1.433,1.367,0.988,0.946
1.304,1.509,0.408,0.900,1.502,0.626,0.587,1.097,0.768,1.038,0.910,0.639,1.083,0.489,0.585,0.556,0.545,0.319,0.518,1.432,0.604,0.939,0.726,0.515,1.266,1.188,1.420,1.343,1.010,0.931
1.281,1.487,0.394,0.876,1.487,0.646,0.567,1.100,0.770,1.055,0.889,0.660,1.106,0.496,0.609,0.549,0.567,0.308,0.511,1.453,0.606,0.954,0.723,0.508,1.276,1.193,1.400,1.346,1.017,0.954
1.286,1.484,0.374,0.890,1.467,0.623,0.547,1.089,0.750,1.070,0.890,0.667,1.116,0.521,0.594,0.560,0.569,0.319,0.533,1.455,0.629,0.964,0.728,0.505,1.263,1.172,1.406,1.360,1.009,0.966
1.314,1.411,0.454,0.924,1.540,0.654,0.587,1.098,0.810,0.993,0.865,0.529,1.076,0.605,0.591,0.464,0.585,0.296,0.516,1.459,0.543,1.004,0.779,0.482,1.225,1.155,1.352,1.365,0.978,0.904
1.292,1.499,0.398,0.870,1.490,0.628,0.551,1.106,0.729,1.081,0.893,0.704,1.126,0.528,0.588,0.577,0.571,0.342,0.540,1.444,0.631,0.977,0.718,0.489,1.216,1.167,1.366,1.382,1.036,0.975
1.357,1.455,0.382,0.939,1.497,0.716,0.562,1.182,0.768,0.980,0.933,0.584,1.075,0.594,0.522,0.567,0.574,0.311,0.459,1.379,0.652,0.902,0.731,0.597,1.185,1.164,1.284,1.390,1.035,0.898
1.361,1.446,0.426,0.899,1.438,0.599,0.581,1.124,0.779,1.047,0.944,0.585,1.147,0.607,0.642,0.471,0.619,0.306,0.505,1.476,0.543,0.968,0.782,0.496,1.231,1.106,1.341,1.341,0.998,0.874
1.305,1.447,0.422,0.886,1.487,0.635,0.578,1.079,0.808,0.992,0.908,0.592,1.126,0.590,0.626,0.419,0.604,0.319,0.483,1.443,0.518,0.947,0.784,0.484,1.234,1.123,1.356,1.327,0.960,0.902
1.332,1.483,0.416,0.880,1.486,0.629,0.592,1.097,0.765,1.082,0.908,0.699,1.153,0.597,0.626,0.616,0.552,0.322,0.505,1.397,0.623,0.947,0.742,0.502,1.215,1.152,1.344,1.397,1.031,0.995
1.277,1.470,0.363,0.907,1.517,0.708,0.583,1.220,0.775,0.986,0.906,0.549,1.047,0.661,0.543,0.568,0.514,0.299,0.483,1.369,0.674,0.920,0.770,0.598,1.241,1.201,1.293,1.370,1.035,0.897
1.281,1.570,0.425,0.889,1.504,0.658,0.580,1.062,0.731,1.078,0.933,0.704,1.152,0.581,0.576,0.615,0.550,0.368,0.524,1.381,0.598,0.986,0.709,0.455,1.217,1.135,1.360,1.419,1.053,1.009
1.265,1.485,0.369,0.922,1.534,0.718,0.617,1.198,0.809,0.963,0.905,0.538,1.077,0.655,0.563,0.575,0.472,0.326,0.460,1.384,0.678,0.910,0.776,0.619,1.261,1.195,1.269,1.374,1.032,0.912
1.264,1.459,0.370,0.908,1.538,0.680,0.601,1.236,0.808,0.930,0.912,0.519,1.064,0.665,0.565,0.558,0.493,0.329,0.498,1.386,0.696,0.927,0.783,0.581,1.288,1.226,1.309,1.345,1.077,0.914
1.304,1.466,0.357,0.884,1.512,0.729,0.545,1.207,0.797,0.981,0.889,0.570,1.030,0.677,0.502,0.589,0.463,0.298,0.481,1.430,0.648,0.884,0.771,0.603,1.218,1.199,1.285,1.399,1.050,0.917
1.326,1.552,0.416,0.892,1.499,0.665,0.526,1.100,0.694,1.100,0.986,0.693,1.096,0.612,0.571,0.620,0.538,0.333,0.508,1.370,0.578,1.021,0.673,0.485,1.257,1.154,1.365,1.469,1.005,0.986
1.338,1.532,0.423,0.902,1.517,0.659,0.511,1.111,0.705,1.094,0.996,0.700,1.112,0.636,0.566,0.616,0.553,0.319,0.527,1.355,0.566,1.017,0.667,0.466,1.282,1.144,1.386,1.481,1.022,0.968
1.265,1.500,0.462,0.906,1.496,0.638,0.649,1.026,0.703,1.096,0.990,0.647,1.136,0.561,0.508,0.557,0.546,0.318,0.559,1.366,0.555,0.936,0.688,0.440,1.269,1.117,1.328,1.391,0.963,1.019
1.255,1.505,0.409,0.930,1.502,0.691,0.641,1.039,0.675,1.108,0.986,0.656,1.129,0.562,0.532,0.590,0.587,0.313,0.525,1.368,0.511,0.896,0.673,0.428,1.326,1.126,1.345,1.368,0.961,1.028
1.248,1.528,0.426,0.922,1.497,0.694,0.682,0.998,0.677,1.112,0.923,0.686,1.146,0.557,0.515,0.570,0.554,0.266,0.561,1.387,0.515,0.901,0.658,0.447,1.263,1.121,1.367,1.378,0.974,1.042
1.289,1.504,0.395,0.948,1.555,0.726,0.585,1.249,0.766,0.873,0.898,0.514,1.167,0.631,0.641,0.482,0.464,0.374,0.497,1.409,0.691,0.902,0.890,0.688,1.203,1.156,1.242,1.355,1.095,0.944
1.280,1.467,0.473,1.012,1.467,0.722,0.641,1.096,0.803,0.960,0.884,0.583,1.169,0.596,0.697,0.553,0.531,0.344,0.569,1.412,0.674,0.930,0.778,0.629,1.262,1.259,1.206,1.328,1.079,0.884
1.283,1.482,0.437,0.999,1.468,0.670,0.681,1.123,0.818,0.936,0.870,0.553,1.137,0.569,0.679,0.533,0.521,0.362,0.562,1.373,0.691,0.929,0.770,0.590,1.272,1.223,1.233,1.302,1.127,0.906
1.289,1.546,0.406,0.992,1.561,0.756,0.631,1.239,0.750,0.842,0.906,0.511,1.154,0.620,0.607,0.488,0.461,0.418,0.453,1.410,0.685,0.929,0.861,0.713,1.223,1.193,1.284,1.345,1.138,1.000
1.307,1.428,0.385,1.051,1.490,0.758,0.578,1.277,0.823,0.931,0.859,0.510,1.142,0.630,0.636,0.524,0.464,0.392,0.526,1.365,0.732,0.891,0.859,0.642,1.281,1.158,1.238,1.299,1.098,0.930
1.196,1.501,0.369,0.906,1.470,0.760,0.713,0.964,0.702,1.106,0.933,0.669,1.110,0.507,0.524,0.583,0.527,0.284,0.547,1.432,0.542,0.931,0.725,0.436,1.258,1.055,1.379,1.389,1.004,1.088
1.258,1.521,0.395,0.938,1.581,0.748,0.574,1.266,0.784,0.891,0.897,0.537,1.149,0.668,0.625,0.485,0.532,0.420,0.543,1.391,0.719,0.907,0.814,0.678,1.212,1.232,1.243,1.324,1.144,0.896
1.297,1.432,0.394,1.071,1.481,0.775,0.607,1.290,0.843,0.944,0.884,0.488,1.148,0.664,0.702,0.515,0.462,0.409,0.489,1.383,0.718,0.887,0.874,0.666,1.280,1.187,1.222,1.290,1.097,0.898
1.249,1.539,0.405,0.941,1.628,0.774,0.571,1.260,0.808,0.897,0.854,0.523,1.087,0.637,0.624,0.465,0.519,0.389,0.510,1.395,0.688,0.842,0.771,0.681,1.211,1.241,1.224,1.329,1.156,0.863
1.332,1.429,0.331,1.081,1.503,0.789,0.598,1.305,0.901,0.954,0.865,0.520,1.153,0.626,0.664,0.516,0.453,0.439,0.491,1.393,0.738,0.930,0.875,0.693,1.299,1.203,1.190,1.301,1.144,0.912
1.258,1.517,0.402,0.949,1.638,0.791,0.580,1.226,0.778,0.911,0.831,0.536,1.112,0.627,0.598,0.448,0.523,0.402,0.528,1.417,0.678,0.836,0.751,0.712,1.206,1.236,1.236,1.318,1.135,0.883
1.281,1.500,0.417,0.934,1.635,0.796,0.584,1.221,0.759,0.887,0.815,0.537,1.119,0.646,0.574,0.426,0.527,0.424,0.538,1.428,0.671,0.818,0.734,0.719,1.191,1.224,1.252,1.301,1.121,0.893
1.256,1.493,0.420,0.916,1.619,0.790,0.605,1.207,0.767,0.890,0.791,0.513,1.103,0.653,0.575,0.411,0.551,0.439,0.524,1.450,0.660,0.825,0.716,0.718,1.199,1.213,1.274,1.320,1.115,0.914
1.249,1.486,0.394,0.954,1.652,0.834,0.587,1.223,0.765,0.905,0.825,0.527,1.108,0.606,0.581,0.422,0.535,0.427,0.544,1.432,0.694,0.796,0.740,0.712,1.158,1.240,1.275,1.339,1.130,0.902
1.261,1.487,0.409,0.909,1.603,0.824,0.618,1.204,0.780,0.862,0.756,0.552,1.136,0.666,0.579,0.420,0.495,0.363,0.509,1.407,0.635,0.802,0.736,0.741,1.153,1.262,1.271,1.290,1.121,0.897
1.278,1.508,0.395,0.890,1.582,0.823,0.606,1.210,0.777,0.842,0.752,0.546,1.153,0.691,0.577,0.434,0.519,0.379,0.523,1.397,0.659,0.817,0.758,0.752,1.165,1.285,1.281,1.284,1.122,0.889
1.274,1.475,0.407,0.925,1.636,0.827,0.568,1.183,0.759,0.941,0.830,0.510,1.069,0.568,0.620,0.340,0.570,0.422,0.529,1.400,0.728,0.794,0.729,0.793,1.160,1.263,1.242,1.354,1.148,0.906
1.267,1.461,0.423,0.907,1.670,0.796,0.587,1.208,0.798,0.914,0.774,0.546,1.075,0.625,0.571,0.374,0.549,0.457,0.531,1.415,0.720,0.793,0.721,0.801,1.124,1.211,1.258,1.333,1.133,0.917
1.276,1.453,0.416,0.943,1.685,0.813,0.599,1.253,0.787,0.958,0.760,0.569,1.121,0.589,0.670,0.370,0.512,0.438,0.568,1.422,0.698,0.770,0.754,0.701,1.243,1.224,1.231,1.310,1.145,0.913
1.302,1.486,0.425,0.900,1.576,0.878,0.590,1.226,0.844,0.831,0.711,0.537,1.154,0.725,0.593,0.431,0.516,0.367,0.486,1.456,0.632,0.781,0.752,0.772,1.224,1.269,1.287,1.301,1.159,0.902
1.314,1.475,0.409,0.915,1.556,0.893,0.607,1.246,0.836,0.817,0.702,0.526,1.132,0.731,0.611,0.450,0.502,0.375,0.483,1.474,0.610,0.793,0.747,0.766,1.220,1.283,1.264,1.290,1.146,0.894
1.326,1.421,0.417,0.955,1.682,0.895,0.680,1.241,0.823,0.907,0.726,0.600,1.135,0.601,0.639,0.298,0.535,0.451,0.519,1.380,0.674,0.833,0.745,0.766,1.201,1.205,1.279,1.404,1.135,0.967
1.274,1.439,0.418,0.887,1.567,0.869,0.572,1.221,0.847,0.798,0.731,0.514,1.153,0.750,0.582,0.401,0.500,0.380,0.459,1.444,0.626,0.773,0.750,0.790,1.186,1.273,1.238,1.306,1.142,0.885
1.305,1.501,0.409,0.920,1.643,0.772,0.635,1.189,0.834,0.865,0.762,0.510,1.151,0.613,0.553,0.418,0.560,0.426,0.536,1.449,0.735,0.746,0.738,0.742,1.160,1.189,1.243,1.380,1.149,0.900
1.298,1.457,0.479,0.911,1.504,0.859,0.559,1.226,0.800,0.819,0.732,0.484,1.150,0.663,0.607,0.443,0.494,0.346,0.576,1.366,0.670,0.777,0.844,0.701,1.076,1.357,1.231,1.284,1.116,0.818
1.312,1.449,0.466,0.910,1.503,0.873,0.579,1.246,0.780,0.806,0.730,0.494,1.127,0.681,0.593,0.424,0.479,0.352,0.596,1.366,0.662,0.791,0.829,0.724,1.069,1.351,1.217,1.262,1.128,0.808
1.270,1.466,0.464,0.885,1.488,0.831,0.551,1.226,0.807,0.826,0.732,0.526,1.146,0.636,0.594,0.454,0.462,0.328,0.576,1.388,0.671,0.808,0.827,0.674,1.052,1.325,1.275,1.293,1.088,0.818
1.260,1.444,0.452,0.863,1.504,0.822,0.554,1.248,0.817,0.831,0.718,0.515,1.123,0.616,0.588,0.442,0.451,0.317,0.576,1.382,0.676,0.791,0.811,0.656,1.047,1.332,1.274,1.281,1.111,0.842
1.348,1.545,0.441,0.894,1.641,0.738,0.669,1.153,0.795,0.890,0.834,0.458,1.135,0.656,0.516,0.439,0.545,0.401,0.489,1.407,0.742,0.781,0.747,0.681,1.148,1.182,1.234,1.401,1.156,0.917
1.315,1.435,0.442,0.899,1.489,0.892,0.566,1.204,0.787,0.793,0.739,0.447,1.072,0.665,0.545,0.386,0.487,0.319,0.610,1.384,0.671,0.796,0.835,0.740,1.095,1.361,1.231,1.228,1.132,0.822
1.304,1.566,0.380,0.832,1.600,0.817,0.667,1.188,0.826,0.832,0.848,0.522,1.130,0.656,0.571,0.455,0.567,0.409,0.532,1.444,0.759,0.826,0.745,0.671,1.148,1.161,1.237,1.371,1.119,0.930
1.325,1.555,0.434,0.879,1.639,0.804,0.646,1.161,0.819,0.811,0.860,0.490,1.103,0.658,0.533,0.421,0.517,0.377,0.556,1.428,0.756,0.821,0.734,0.679,1.131,1.143,1.256,1.381,1.102,0.925
1.321,1.569,0.434,0.876,1.628,0.827,0.647,1.186,0.807,0.828,0.885,0.494,1.114,0.641,0.547,0.413,0.502,0.353,0.563,1.420,0.753,0.826,0.738,0.662,1.141,1.137,1.243,1.378,1.085,0.936
1.262,1.530,0.361,0.854,1.609,0.803,0.618,1.187,0.769,0.796,0.830,0.519,1.095,0.637,0.577,0.423,0.550,0.419,0.563,1.405,0.780,0.805,0.706,0.656,1.156,1.161,1.269,1.305,1.130,0.880
1.296,1.544,0.464,0.870,1.594,0.809,0.689,1.202,0.791,0.861,0.822,0.502,1.111,0.625,0.585,0.517,0.586,0.374,0.595,1.413,0.785,0.814,0.746,0.685,1.190,1.167,1.270,1.371,1.077,0.919
1.340,1.515,0.415,0.849,1.624,0.790,0.656,1.236,0.822,0.814,0.835,0.440,1.118,0.655,0.561,0.498,0.532,0.384,0.596,1.447,0.750,0.860,0.774,0.742,1.210,1.167,1.257,1.381,1.108,0.925
1.258,1.538,0.404,0.841,1.597,0.754,0.625,1.181,0.775,0.840,0.861,0.550,1.083,0.657,0.570,0.416,0.595,0.409,0.532,1.419,0.789,0.794,0.680,0.685,1.142,1.191,1.230,1.293,1.079,0.861
1.326,1.522,0.412,0.881,1.618,0.816,0.666,1.267,0.862,0.817,0.866,0.427,1.120,0.646,0.603,0.530,0.501,0.352,0.535,1.447,0.746,0.847,0.719,0.697,1.183,1.169,1.231,1.412,1.115,0.909
1.217,1.442,0.369,0.812,1.580,0.828,0.656,1.186,0.768,0.822,0.887,0.511,1.096,0.615,0.577,0.386,0.543,0.377,0.531,1.400,0.787,0.795,0.672,0.683,1.109,1.117,1.237,1.280,1.148,0.944
1.325,1.534,0.454,0.891,1.628,0.815,0.702,1.234,0.757,0.886,0.831,0.519,1.178,0.564,0.523,0.395,0.518,0.354,0.493,1.407,0.770,0.890,0.868,0.705,1.106,1.205,1.263,1.426,1.040,0.895
1.267,1.445,0.328,0.836,1.571,0.816,0.594,1.181,0.806,0.771,0.913,0.507,1.044,0.599,0.629,0.402,0.568,0.401,0.513,1.383,0.773,0.864,0.652,0.688,1.140,1.108,1.238,1.308,1.166,0.936
1.252,1.448,0.328,0.851,1.595,0.809,0.617,1.176,0.792,0.778,0.930,0.511,1.063,0.595,0.607,0.417,0.572,0.400,0.513,1.383,0.767,0.845,0.650,0.679,1.115,1.125,1.231,1.289,1.152,0.925
1.255,1.408,0.294,0.798,1.536,0.893,0.565,1.135,0.716,0.861,0.847,0.523,1.082,0.567,0.604,0.411,0.552,0.471,0.543,1.438,0.718,0.770,0.624,0.683,1.154,1.126,1.299,1.312,1.075,0.981
1.283,1.446,0.344,0.857,1.634,0.830,0.621,1.178,0.813,0.747,0.911,0.495,1.037,0.603,0.608,0.429,0.567,0.384,0.514,1.391,0.790,0.860,0.651,0.658,1.122,1.140,1.192,1.260,1.149,0.948
1.349,1.493,0.400,0.931,1.612,0.780,0.654,1.181,0.861,0.822,0.871,0.459,1.052,0.670,0.581,0.544,0.506,0.293,0.527,1.498,0.717,0.850,0.713,0.660,1.262,1.159,1.272,1.393,1.103,0.861
1.306,1.425,0.310,0.873,1.606,0.834,0.615,1.173,0.835,0.742,0.909,0.482,1.026,0.568,0.607,0.456,0.585,0.377,0.505,1.404,0.778,0.888,0.696,0.641,1.138,1.123,1.153,1.248,1.135,0.959
1.350,1.527,0.424,0.885,1.629,0.782,0.658,1.174,0.901,0.852,0.820,0.476,1.060,0.618,0.623,0.503,0.497,0.261,0.520,1.426,0.654,0.849,0.724,0.632,1.226,1.179,1.260,1.406,1.104,0.850
1.233,1.447,0.270,0.808,1.556,0.888,0.564,1.125,0.650,0.879,0.880,0.546,1.040,0.590,0.652,0.427,0.540,0.404,0.623,1.499,0.748,0.759,0.600,0.728,1.162,1.165,1.294,1.373,1.135,0.960
1.332,1.455,0.402,0.947,1.700,0.757,0.608,1.219,0.858,0.879,0.775,0.457,1.126,0.670,0.591,0.473,0.550,0.233,0.535,1.504,0.747,0.785,0.686,0.640,1.231,1.154,1.233,1.417,1.193,0.795
1.331,1.466,0.414,0.925,1.698,0.771,0.588,1.213,0.865,0.887,0.783,0.458,1.110,0.684,0.604,0.453,0.542,0.237,0.514,1.509,0.738,0.807,0.678,0.658,1.208,1.133,1.245,1.412,1.206,0.815
1.250,1.449,0.305,0.809,1.525,0.911,0.558,1.126,0.649,0.856,0.894,0.547,1.050,0.544,0.618,0.419,0.527,0.408,0.575,1.477,0.737,0.793,0.599,0.710,1.122,1.142,1.281,1.328,1.142,1.020
1.271,1.410,0.314,0.836,1.643,0.833,0.607,1.156,0.856,0.684,0.941,0.486,1.066,0.598,0.596,0.474,0.501,0.410,0.564,1.427,0.788,0.902,0.748,0.655,1.159,1.119,1.146,1.267,1.163,0.966
1.281,1.473,0.312,0.770,1.562,0.881,0.532,1.117,0.632,0.890,0.910,0.565,1.043,0.526,0.604,0.436,0.543,0.365,0.547,1.449,0.743,0.825,0.611,0.718,1.115,1.134,1.265,1.323,1.164,1.017
1.251,1.384,0.280,0.847,1.610,0.814,0.599,1.183,0.813,0.691,0.959,0.481,1.067,0.603,0.606,0.489,0.500,0.408,0.583,1.457,0.767,0.906,0.770,0.642,1.146,1.120,1.130,1.284,1.147,0.987
1.273,1.449,0.305,0.828,1.523,0.918,0.496,1.153,0.635,0.883,0.830,0.490,1.036,0.599,0.601,0.471,0.502,0.435,0.598,1.433,0.724,0.779,0.628,0.718,1.118,1.149,1.294,1.381,1.120,1.029
1.230,1.361,0.303,0.730,1.491,0.881,0.509,1.141,0.765,0.897,0.913,0.599,1.112,0.556,0.610,0.422,0.576,0.441,0.567,1.434,0.715,0.637,0.563,0.751,1.102,1.199,1.205,1.349,1.023,0.918
1.204,1.355,0.313,0.729,1.488,0.906,0.501,1.162,0.779,0.901,0.887,0.611,1.099,0.529,0.609,0.406,0.581,0.409,0.565,1.437,0.696,0.659,0.559,0.739,1.073,1.159,1.232,1.387,0.997,0.886
1.222,1.422,0.307,0.887,1.523,0.960,0.543,1.204,0.697,0.878,0.860,0.549,1.028,0.562,0.586,0.462,0.512,0.454,0.543,1.504,0.723,0.739,0.594,0.699,1.123,1.163,1.307,1.316,1.120,1.064
1.213,1.413,0.296,0.835,1.511,0.917,0.571,1.228,0.651,0.828,0.893,0.572,1.094,0.545,0.615,0.471,0.539,0.402,0.598,1.505,0.754,0.748,0.571,0.699,1.136,1.105,1.351,1.337,1.159,1.102
1.230,1.431,0.267,0.869,1.539,0.939,0.586,1.227,0.639,0.868,0.899,0.563,1.122,0.539,0.572,0.421,0.542,0.413,0.614,1.486,0.699,0.747,0.605,0.742,1.126,1.148,1.313,1.326,1.133,1.092
