451.722,451.845,446.997,453.998,426.600,446.558,442.571,447.216,438.762,427.175
435.606,441.474,446.677,445.053,444.694,445.299,449.908,445.223,447.974,441.474
430.641,453.224,444.288,436.836,437.402,446.299,459.786,445.663,441.717,448.585
437.982,454.437,452.959,452.715,446.898,434.509,443.368,443.089,426.544,453.184
448.779,443.744,441.829,448.882,440.776,436.718,437.334,443.862,433.690,431.289
445.905,448.385,438.422,443.908,450.359,449.935,444.568,434.060,446.006,440.059
448.315,447.632,435.275,449.211,448.585,438.762,452.172,448.543,442.719,446.299
448.701,440.299,436.797,448.359,448.315,454.624,434.221,453.841,426.600,450.071
456.248,429.528,435.136,429.785,442.571,440.199,449.940,443.291,452.367,451.415
445.894,438.762,450.008,438.541,426.544,433.816,441.932,444.681,452.809,445.213
437.062,450.089,444.340,453.820,437.402,442.162,443.083,438.706,431.436,445.808
446.037,440.299,445.293,439.034,450.415,437.440,431.324,431.129,439.981,438.382
451.415,430.949,431.267,439.872,441.758,451.246,425.820,452.985,450.613,448.848
438.762,453.853,445.151,438.706,434.357,445.323,434.186,440.177,448.518,450.963
437.402,443.862,439.342,433.875,448.143,447.865,429.785,440.367,434.357,434.474
446.119,447.737,435.575,443.650,435.572,443.451,445.293,441.615,442.561,448.854
446.677,435.977,441.291,441.314,437.693,436.836,448.635,438.277,437.402,444.741
441.808,447.870,436.836,446.078,456.610,450.295,438.762,442.271,429.215,443.067
435.439,447.777,434.829,440.679,437.668,431.436,440.891,431.267,435.575,428.591
431.289,434.314,443.389,440.049,448.779,441.377,444.923,454.337,443.745,451.823
449.601,434.038,446.476,442.908,446.677,442.908,444.195,441.474,431.129,450.540
452.959,431.267,441.720,438.129,442.111,451.241,436.064,446.870,441.957,443.207
438.887,441.988,445.216,435.575,455.743,443.328,451.492,445.782,443.467,426.544
426.544,438.382,434.829,446.750,429.044,445.470,450.736,434.829,437.402,443.467
443.908,439.038,431.324,442.628,437.402,444.076,438.391,434.051,436.906,439.924
430.949,439.673,445.663,439.756,437.511,441.474,450.656,436.991,452.719,444.397
438.243,447.085,450.951,441.781,444.397,453.853,445.663,443.207,432.313,424.692
435.575,451.540,438.762,446.144,442.290,446.510,444.927,444.195,443.862,441.893
438.762,449.332,448.701,444.563,430.787,437.982,450.089,434.087,435.494,448.779
452.460,448.359,431.289,448.055,445.875,442.020,435.494,437.402,445.267,456.274
435.842,440.369,441.500,438.129,452.504,440.059,440.881,435.575,436.321,454.507
443.908,459.721,444.768,445.223,434.829,434.221,451.415,436.321,426.544,432.921
438.762,446.227,436.718,447.856,447.632,424.900,453.256,432.614,437.644,446.885
449.412,447.316,448.055,447.098,452.268,436.836,433.630,449.862,446.997,443.388
451.597,441.200,432.586,448.479,437.788,441.474,442.145,436.773,454.567,436.641
441.474,447.085,435.575,426.373,446.305,444.195,432.519,434.226,447.944,435.575
451.461,444.475,435.439,445.400,444.776,434.474,438.762,446.513,436.012,439.215
441.456,445.173,445.755,446.558,453.007,444.088,434.922,448.357,438.382,439.646
448.055,441.474,446.870,447.868,433.690,447.047,439.673,442.602,436.321,446.553
437.848,435.575,443.944,437.402,440.060,438.404,446.144,443.451,451.492,441.558
448.055,438.762,438.275,440.299,431.995,425.649,439.528,450.071,452.147,441.568
442.723,431.267,447.771,426.600,430.641,442.806,445.589,448.469,434.509,444.195
445.529,454.016,445.663,438.762,432.426,446.142,449.630,424.692,432.269,446.440
440.218,432.982,431.289,455.184,454.029,443.251,437.402,436.433,448.585,434.509
455.925,444.281,442.786,426.600,448.335,448.585,441.947,427.897,431.267,434.104
439.844,439.750,450.291,447.122,438.706,443.908,438.706,440.299,448.055,454.391
429.215,438.332,451.415,434.434,451.911,438.706,441.555,438.235,438.382,439.646
444.195,438.760,436.854,443.497,436.012,436.074,438.762,438.762,444.694,448.779
448.359,435.575,446.677,435.575,459.871,436.836,448.017,441.657,442.583,441.534
442.900,452.504,441.382,453.841,442.162,448.701,439.342,443.451,436.321,443.862
433.938,426.600,444.864,441.953,448.055,446.362,447.632,445.223,443.908,441.953
448.359,439.646,432.313,452.906,443.745,446.146,431.289,446.119,436.059,446.677
451.939,442.571,440.110,446.870,445.663,434.357,448.779,431.005,431.289,430.641
443.899,436.831,426.600,438.467,441.474,440.917,436.321,439.899,446.476,434.829
429.215,451.939,446.224,440.067,440.719,446.677,434.950,438.308,445.138,452.504
442.813,441.474,445.217,437.583,438.762,448.315,434.829,446.685,431.267,448.385
452.152,446.991,447.624,449.862,431.289,449.801,446.997,439.899,435.275,443.862
439.976,456.070,431.289,448.971,448.840,442.330,442.571,445.267,447.037,447.743
450.089,436.059,445.098,433.667,441.615,438.382,439.230,452.268,441.474,456.175
449.291,438.926,445.663,446.677,450.143,452.152,453.608,448.055,433.667,448.518
441.957,425.820,444.172,454.624,446.818,439.510,450.203,444.661,438.627,441.377
442.126,438.382,432.389,438.344,443.784,426.600,451.939,453.319,431.289,451.415
441.932,434.922,448.779,444.027,441.474,448.249,434.922,441.474,438.382,441.103
438.762,448.585,429.907,429.215,429.215,454.070,429.907,433.743,449.291,438.391
447.326,435.275,440.049,426.600,449.427,434.414,447.093,448.877,430.544,447.446
434.477,452.504,438.191,442.271,425.820,439.646,448.779,440.131,445.507,451.356
443.207,435.575,439.328,445.560,443.368,442.326,436.408,433.011,434.357,452.401
447.216,440.378,446.677,438.762,450.379,443.862,426.600,433.014,450.978,443.745
451.907,451.752,438.391,447.777,446.677,443.805,446.677,448.267,444.070,444.641
436.942,426.600,432.426,436.348,450.862,443.220,437.402,448.483,443.981,435.575
441.413,438.277,426.373,426.600,441.690,434.905,437.028,437.429,425.989,452.168
446.077,446.476,437.731,436.221,430.949,447.316,432.040,443.862,437.065,437.402
447.079,452.564,440.299,455.978,440.299,438.382,455.451,448.632,443.451,431.289
442.422,432.774,438.326,437.305,436.222,426.600,449.200,426.544,440.031,426.544
434.499,445.799,448.518,442.232,451.939,443.465,437.982,447.994,446.677,449.606
432.662,447.737,434.730,442.853,441.916,426.544,438.129,437.738,443.111,438.706
441.953,443.908,433.367,437.518,437.113,440.744,454.507,437.402,437.599,444.195
438.382,438.762,444.682,450.896,441.474,432.218,435.143,443.908,438.762,438.176
426.600,436.714,443.908,441.134,443.145,443.840,430.897,439.302,448.158,444.550
441.568,448.882,443.567,438.706,448.779,448.638,432.121,440.019,438.535,446.299
450.276,452.382,443.207,429.380,443.328,439.552,443.862,444.568,442.016,438.706
438.346,431.005,436.854,448.004,432.016,442.719,451.588,442.908,438.276,435.401
444.063,441.474,445.663,436.321,440.072,454.641,435.575,443.465,429.359,440.773
434.221,444.195,447.216,437.129,448.585,445.617,438.382,439.635,431.057,441.602
439.328,443.467,441.474,446.009,446.677,431.317,436.502,433.092,452.504,449.565
439.720,436.854,448.779,450.089,437.196,448.632,439.646,434.357,445.609,449.291
434.474,439.215,442.326,439.552,456.533,450.366,451.229,443.497,426.544,433.919
445.663,443.862,430.225,441.314,431.489,448.359,448.544,424.635,449.606,445.173
444.183,443.862,445.267,438.382,445.905,449.862,450.290,429.215,440.299,437.671
438.819,446.445,443.784,431.436,441.174,448.055,431.267,445.580,438.095,435.575
441.474,448.779,445.125,453.139,436.012,434.950,436.066,426.600,448.357,446.384
442.080,441.229,441.524,436.487,439.156,438.945,449.604,451.360,445.852,434.509
431.436,432.313,443.465,431.005,450.195,449.120,429.648,447.680,448.707,448.015
441.602,443.908,441.644,440.993,423.912,447.632,452.691,437.982,426.600,438.627
436.797,440.324,443.908,437.982,442.571,451.200,442.900,452.469,441.976,442.343
424.692,446.677,446.677,431.289,434.922,434.829,436.012,449.114,446.360,441.474
433.667,433.630,439.680,438.414,432.948,435.290,439.225,437.982,436.221,448.632
436.160,443.899,446.305,439.538,429.785,445.221,448.779,435.575,442.126,447.047
438.706,434.221,444.320,441.399,436.714,450.047,431.289,448.055,451.704,438.463
443.650,436.641,446.127,445.663,440.944,445.223,435.575,433.690,442.908,429.736
445.138,449.867,435.852,442.839,425.820,441.947,440.417,446.545,446.085,441.034
435.711,429.215,444.551,452.103,451.246,429.225,450.071,441.953,451.246,438.945
436.577,453.052,441.953,445.861,446.142,445.217,441.781,442.786,438.762,436.408
447.124,450.201,432.621,454.029,443.681,440.391,448.882,449.867,431.289,452.365
428.635,442.326,444.226,448.781,431.436,448.632,451.316,447.326,432.389,446.677
429.785,439.981,446.299,448.779,451.336,438.382,436.794,438.191,443.451,436.905
447.012,443.207,446.677,438.762,441.241,436.446,439.552,436.348,442.990,438.762
436.764,441.103,444.152,429.380,434.104,454.919,438.129,441.976,430.949,434.648
448.190,442.073,440.417,431.096,448.779,447.322,438.095,443.908,436.012,434.919
439.464,451.415,444.134,441.304,448.779,443.710,442.753,448.359,440.892,447.737
437.402,440.265,452.959,441.052,445.663,448.637,444.397,430.949,451.449,451.449
435.502,439.830,448.335,452.564,438.762,442.375,438.277,437.599,435.353,427.306
436.836,448.585,454.570,453.184,449.867,436.793,425.820,432.040,448.483,445.905
450.290,438.815,435.575,438.762,431.324,434.352,441.953,443.717,451.536,445.267
440.516,438.129,436.854,434.474,431.289,442.602,430.340,445.808,441.568,444.119
446.541,450.891,438.791,432.313,445.663,436.688,440.774,439.552,434.621,439.565
444.038,448.779,445.066,441.474,446.677,430.819,459.951,444.762,443.175,452.959
450.131,447.282,440.170,439.595,444.301,450.089,446.870,433.667,439.729,439.405
446.581,441.500,435.534,445.663,443.285,438.706,434.635,432.040,435.722,444.744
441.953,437.402,451.246,445.663,441.103,441.568,448.055,438.627,442.307,443.910
448.984,424.635,442.169,430.641,426.600,444.641,429.785,431.324,447.384,442.908
443.862,435.494,441.568,439.847,429.215,446.476,451.200,433.633,443.389,446.870
444.739,434.357,446.677,455.229,434.648,442.141,431.289,442.901,442.162,454.345
444.283,432.443,447.085,446.885,434.509,444.195,445.905,445.663,430.544,447.868
444.863,449.867,446.677,424.692,435.498,448.168,445.663,450.218,441.103,437.407
449.199,443.598,437.745,442.380,447.322,446.227,437.402,445.663,439.519,429.215
431.129,442.602,447.963,439.565,442.830,442.045,444.288,443.675,441.314,435.711
437.270,442.786,448.567,435.694,437.644,450.950,439.751,442.571,435.275,435.518
436.321,441.932,440.505,434.221,435.575,437.738,450.089,438.762,441.953,431.899
448.383,440.676,434.312,437.646,426.544,447.212,436.623,431.324,439.574,446.898
442.753,429.907,439.565,429.225,439.694,435.143,448.191,435.711,452.152,451.103
449.606,446.038,451.412,441.474,446.907,436.905,441.542,434.434,438.382,444.051
445.223,439.211,448.055,449.995,435.384,434.357,440.218,444.134,443.451,426.544
447.485,439.595,426.544,444.991,442.209,433.903,442.602,437.402,446.517,451.814
441.808,445.808,439.468,444.034,436.321,432.556,449.911,432.218,437.270,446.337
436.012,442.202,445.293,439.552,438.706,446.991,443.939,447.777,440.765,437.205
442.598,431.267,434.711,441.953,444.195,454.284,441.953,439.565,448.570,437.630
446.682,432.621,436.351,445.216,446.558,447.954,443.908,434.829,444.741,442.602
431.267,441.812,451.036,430.949,438.762,441.500,434.132,458.721,452.723,444.641
444.568,444.694,451.776,432.568,441.228,450.091,436.138,433.779,431.267,439.981
458.333,434.004,453.380,453.701,433.790,449.458,438.762,443.335,437.012,441.953
453.662,438.762,440.913,442.949,438.459,451.224,443.342,434.314,447.318,442.602
434.357,451.415,446.998,426.600,429.415,433.531,443.027,431.261,453.184,452.756
442.854,430.949,446.676,437.105,435.575,441.500,437.309,446.677,434.621,444.755
446.299,444.997,443.944,440.197,439.646,441.957,435.575,431.057,426.600,436.809
446.227,448.632,453.425,442.804,437.407,438.041,445.082,435.711,444.773,440.944
445.663,448.345,440.891,446.677,442.602,450.089,448.315,442.069,445.770,431.580
437.595,443.862,449.052,451.129,435.575,425.820,441.023,439.646,438.535,448.965
435.673,441.208,443.862,429.907,437.811,432.632,448.779,451.166,440.762,451.130
439.458,438.319,429.225,451.449,441.583,454.844,434.829,439.165,447.326,438.129
452.460,432.521,435.275,444.699,442.045,450.223,450.195,438.382,448.335,436.012
443.929,442.232,448.312,451.939,450.439,447.079,425.475,433.380,438.599,440.891
441.399,427.306,434.931,446.885,432.586,435.575,441.377,429.215,435.463,448.055
426.544,446.870,433.690,439.646,439.869,445.257,439.646,446.476,438.129,426.373
446.517,445.024,446.460,443.862,449.684,449.077,443.748,441.993,452.959,449.290
441.958,448.359,448.335,449.630,445.267,441.533,443.062,448.310,449.291,438.108
433.903,444.272,443.451,442.045,441.673,440.006,448.483,448.585,446.125,442.339
445.663,423.912,445.663,426.544,447.656,442.130,442.603,434.509,435.275,441.874
431.289,445.474,448.701,454.507,449.565,435.054,439.646,438.129,455.855,442.853
438.706,444.195,435.494,435.888,442.571,445.149,432.662,448.779,445.663,455.083
434.567,448.522,431.990,433.690,450.540,449.291,426.600,454.016,431.267,442.571
432.040,431.005,436.321,442.813,435.694,448.632,439.729,441.605,450.238,440.031
446.146,445.293,434.922,450.540,439.151,438.382,441.044,442.786,441.932,448.585
451.303,448.779,444.195,450.291,426.600,441.817,434.051,445.512,444.195,431.129
441.058,447.956,448.538,443.451,433.732,445.616,452.314,431.324,433.779,455.925
441.970,448.359,443.067,439.464,448.055,445.125,438.277,438.129,434.191,453.707
451.246,438.429,444.243,439.847,426.821,446.055,441.542,438.318,442.571,435.494
439.661,431.317,436.794,455.333,445.474,446.384,429.225,446.572,434.474,429.918
437.253,450.951,441.421,445.267,442.583,430.498,446.677,429.907,435.439,434.829
447.624,446.558,442.602,450.089,431.289,438.129,448.266,441.953,448.359,449.565
451.415,450.518,446.065,448.779,435.365,450.244,449.833,439.565,446.159,442.232
448.055,446.010,445.663,434.414,439.981,426.600,431.335,443.692,452.712,440.676
439.241,426.600,426.544,444.195,448.712,450.439,446.997,441.808,446.370,451.045
438.706,445.267,438.706,441.837,432.920,441.599,436.429,438.762,445.663,438.382
443.744,450.143,448.751,442.867,434.829,445.808,441.103,429.225,438.673,439.699
436.836,437.402,447.737,437.942,434.523,442.860,439.538,429.215,447.307,442.073
435.484,434.856,448.315,451.449,448.585,439.565,446.677,440.891,448.971,447.085
432.733,432.028,446.377,438.815,438.114,448.701,437.599,441.474,441.112,449.078
442.571,443.907,438.815,452.906,455.843,431.335,443.451,445.663,437.886,452.807
446.316,444.397,448.055,441.957,435.575,445.782,446.558,432.302,445.016,438.706
425.820,436.012,435.518,451.835,433.690,441.829,437.407,442.080,452.108,446.723
448.544,438.346,444.694,439.847,446.997,451.939,442.736,439.660,452.469,436.395
434.829,450.174,443.935,429.937,450.144,440.505,440.366,438.673,439.234,450.244
434.357,435.575,434.221,432.055,433.667,437.402,445.663,436.905,426.544,446.870
435.575,426.544,450.540,438.277,447.411,441.474,451.449,445.173,437.331,443.207
436.764,451.415,455.067,439.373,435.711,448.779,432.238,441.876,455.811,444.797
432.405,429.785,443.451,442.908,428.085,436.160,437.402,448.779,446.129,447.085
439.553,443.862,434.829,430.949,448.359,445.663,449.909,439.547,430.610,438.280
446.945,441.456,441.880,439.844,449.842,444.283,438.982,458.565,437.263,448.055
438.627,447.060,448.921,456.138,437.852,451.415,442.069,442.786,432.302,436.905
424.635,429.215,449.291,451.246,438.414,439.976,451.036,450.456,439.426,443.910
454.029,439.102,440.891,432.438,450.610,439.595,434.474,431.129,433.667,438.318
453.861,430.544,452.460,447.363,447.093,455.012,437.006,446.055,449.867,436.797
434.648,438.414,437.245,445.267,442.126,441.500,425.820,435.661,438.289,437.539
437.759,432.848,445.640,443.005,426.544,451.246,434.509,434.221,441.474,426.600
431.129,448.585,443.862,448.713,441.206,447.053,452.504,437.693,438.176,431.267
438.391,450.797,445.663,436.149,450.397,429.380,450.538,437.189,438.382,453.139
444.195,443.519,443.067,439.426,426.544,437.402,444.519,448.335,443.650,441.504
450.540,446.677,447.506,447.122,436.577,439.981,439.328,441.314,438.129,434.474
441.484,450.951,443.908,444.036,439.712,426.600,437.402,441.174,440.862,444.390
438.945,433.753,445.400,437.644,443.451,441.456,448.585,430.949,462.051,437.031
447.626,445.663,437.402,447.632,438.204,441.959,444.183,442.570,442.643,426.600
454.372,440.240,448.779,449.867,434.509,434.490,452.504,446.078,433.014,446.553
442.590,448.055,441.953,450.244,433.938,429.215,429.785,436.854,448.632,438.762
446.870,446.173,452.959,448.585,444.062,449.472,434.829,445.267,446.677,446.305
444.997,440.827,443.784,441.542,445.138,445.010,430.610,426.373,437.402,445.267
440.505,442.162,446.191,446.870,457.387,445.232,447.992,444.568,426.544,432.926
437.396,442.045,445.663,446.299,441.103,434.829,456.138,431.324,443.845,430.689
443.908,447.122,429.044,446.084,453.799,434.221,450.540,441.474,433.938,440.299
441.900,438.382,431.289,440.751,453.310,445.515,438.129,456.992,445.267,441.239
426.600,449.712,443.389,431.289,443.681,435.575,451.771,451.449,448.585,443.207
438.762,446.870,441.738,424.692,431.223,448.055,441.377,444.123,437.551,446.870
445.663,449.308,434.357,431.289,434.474,443.981,431.938,439.230,452.099,444.860
434.051,446.885,440.173,433.690,446.870,431.782,441.052,435.710,449.211,431.289
441.474,442.069,441.399,438.762,442.126,441.953,441.953,442.994,434.829,435.575
434.191,442.571,449.630,445.663,432.389,442.877,443.862,436.012,438.382,448.145
454.624,450.244,441.210,431.267,440.299,442.723,439.020,439.187,444.860,447.716
441.474,431.436,454.624,441.399,441.500,442.933,445.216,441.793,456.231,435.006
436.321,448.779,438.599,450.540,427.376,435.575,453.998,445.445,448.569,442.602
446.677,441.679,446.677,438.581,434.357,440.299,426.544,445.905,446.299,439.503
439.230,446.550,449.867,439.552,424.635,448.779,438.346,438.382,440.218,437.242
450.481,445.663,438.108,429.785,425.820,439.673,451.817,453.238,448.779,445.812
436.733,445.223,425.820,443.756,445.632,442.534,435.575,442.900,448.359,432.121
431.057,447.356,440.676,426.600,435.534,444.397,439.673,443.900,448.440,436.544
434.357,446.513,439.595,442.187,442.216,447.802,439.468,438.706,446.299,443.862
443.168,442.571,434.829,436.112,436.012,443.745,427.897,439.400,444.568,442.045
430.949,451.036,436.764,441.474,435.006,441.462,448.632,446.480,445.267,447.737
436.714,434.104,450.163,436.321,448.779,432.519,446.437,443.862,447.601,441.542
448.567,451.732,446.360,456.181,444.641,452.869,434.221,446.299,442.571,455.007
449.291,433.690,451.492,448.359,431.324,439.673,439.439,441.953,442.786,435.057
449.684,454.670,450.244,443.862,426.544,446.558,454.666,456.144,439.565,448.632
439.778,446.997,431.289,445.267,442.461,435.306,433.667,448.531,443.910,435.575
440.476,444.773,442.571,451.200,445.852,451.314,450.540,444.727,443.479,446.476
450.431,434.829,441.624,450.540,430.334,441.953,443.207,459.474,444.167,431.289
459.405,448.635,434.221,448.231,443.862,452.381,448.267,446.292,452.564,446.065
444.694,438.277,438.977,447.000,442.860,446.677,427.897,451.168,448.315,438.896
452.258,434.490,444.537,438.148,443.641,448.779,441.077,439.149,424.844,432.026
435.414,433.633,426.544,443.111,445.267,438.762,438.680,437.309,457.152,430.132
441.350,441.303,444.821,448.942,443.671,436.981,436.408,439.552,448.168,445.663
433.690,452.781,447.737,440.059,451.200,440.391,455.229,425.820,446.677,432.218
435.694,438.627,453.476,444.288,440.060,445.873,434.357,446.719,447.530,443.908
451.490,447.737,448.779,448.812,425.649,441.399,427.773,446.885,430.199,442.162
451.939,441.408,445.954,448.779,450.244,446.636,436.321,438.113,426.600,446.523
443.497,451.449,440.049,446.146,425.820,436.718,440.240,440.203,442.326,436.012
435.057,444.699,441.456,448.779,450.244,434.745,459.071,447.085,438.762,451.492
443.862,446.112,438.129,446.535,445.223,444.464,426.600,446.677,446.423,457.485
450.610,449.569,452.959,454.115,431.289,441.325,446.677,444.309,441.474,444.264
442.602,443.983,438.129,456.089,432.203,433.690,437.644,438.391,448.385,441.474
441.279,459.175,441.377,446.991,448.335,446.119,448.779,435.439,433.667,443.062
445.663,431.289,449.315,449.940,448.671,445.159,441.480,438.277,447.866,448.359
447.216,445.998,438.113,445.663,448.518,440.744,439.668,436.794,429.359,436.040
443.451,448.078,448.779,446.299,448.701,449.867,449.199,443.234,439.548,438.784
438.391,443.862,438.382,447.338,430.698,448.779,448.779,434.922,431.267,427.877
448.585,446.226,448.779,426.544,448.055,439.215,432.920,442.688,449.228,433.790
448.037,448.315,445.217,441.953,447.085,448.315,450.415,435.297,448.701,448.779
445.223,450.089,436.970,442.422,441.690,436.836,438.963,435.572,450.736,446.146
434.221,434.997,424.692,433.938,436.321,441.241,442.162,448.585,450.290,445.323
433.690,439.426,427.602,431.005,438.706,436.074,450.089,443.589,443.328,429.682
439.847,452.959,448.651,448.882,426.600,439.586,438.280,435.991,453.633,437.982
444.000,444.776,434.259,442.786,448.659,441.044,446.460,463.281,431.335,442.869
440.116,451.449,448.055,441.953,431.436,446.677,436.905,443.168,439.646,453.200
444.568,448.779,444.338,437.014,443.862,444.195,448.779,445.096,448.095,439.234
429.215,444.563,426.544,437.982,435.631,435.494,453.996,439.552,450.244,443.912
441.953,452.715,446.885,429.380,448.585,457.878,431.289,434.922,438.129,435.575
441.693,446.050,440.891,439.342,443.290,453.425,437.982,451.066,446.299,452.170
450.997,444.203,427.897,446.119,446.991,445.947,441.228,438.452,444.711,434.357
445.223,443.451,445.759,442.126,442.571,436.665,438.382,452.009,431.289,436.476
439.337,448.599,442.526,446.677,435.518,436.774,444.762,445.783,454.534,445.663
450.540,449.431,432.565,445.984,436.487,459.721,451.415,434.221,443.168,448.359
454.163,435.494,442.699,433.011,441.044,447.974,434.621,452.959,444.748,435.575
440.197,437.802,434.490,444.366,446.384,447.657,442.662,446.081,444.123,451.331
438.382,431.005,444.726,450.048,433.050,448.779,438.706,446.870,450.416,439.847
457.950,439.924,445.512,426.600,448.055,436.836,424.635,448.746,438.346,443.207
435.575,440.299,451.549,439.222,445.929,437.402,446.377,446.299,446.460,438.706
439.595,448.632,424.635,452.959,437.402,438.391,450.610,431.436,445.217,442.933
440.417,445.080,438.762,431.289,449.832,450.826,447.090,448.315,443.908,438.762
437.630,436.321,451.835,440.676,446.677,431.335,430.949,445.138,438.535,447.012
448.335,435.702,450.089,442.709,455.767,441.474,447.016,446.190,451.449,438.382
427.175,439.038,440.900,434.221,436.718,432.389,440.834,426.544,431.267,440.242
434.221,434.509,431.995,426.544,448.359,430.045,445.271,433.732,440.299,429.785
452.504,452.208,435.968,446.870,448.385,447.085,443.451,448.055,446.384,443.451
441.474,441.474,435.575,440.505,443.207,452.224,433.690,439.493,442.762,433.938
450.713,435.575,446.146,451.415,448.701,446.558,446.299,455.220,446.347,438.762
441.953,442.602,438.176,441.932,441.953,440.754,446.677,431.289,440.324,455.380
444.793,459.277,448.751,449.940,426.544,447.135,451.415,450.540,437.680,440.299
440.367,441.953,448.079,448.335,438.969,434.474,446.997,439.519,434.221,450.359
448.055,441.808,436.321,426.600,443.067,433.660,437.402,455.614,445.663,441.957
442.602,438.706,439.451,450.536,446.292,451.415,448.632,446.299,436.905,448.315
441.474,446.818,437.982,449.291,446.870,450.089,431.289,438.090,445.216,442.602
438.706,445.663,453.425,432.218,441.044,444.551,438.382,446.299,448.315,449.911
444.103,441.474,448.579,435.694,439.847,440.744,431.436,452.733,448.632,439.244
434.760,437.205,451.200,426.600,438.382,442.326,440.469,442.271,445.787,429.380
446.065,454.225,446.677,454.624,441.518,440.299,448.632,445.176,445.663,441.983
432.733,426.373,447.122,433.667,445.627,444.780,444.363,448.544,435.518,442.994
441.474,439.950,434.414,441.377,446.677,446.824,443.038,442.602,442.139,443.035
446.677,424.692,450.633,450.258,441.044,434.490,446.997,445.291,443.784,448.335
445.083,431.005,440.378,431.289,449.884,431.436,435.474,431.267,438.627,448.560
436.149,445.291,452.504,430.739,439.400,446.677,450.291,440.109,445.138,446.997
436.321,448.055,449.211,448.359,426.544,435.575,445.693,446.870,443.049,447.316
437.680,448.585,450.008,441.103,441.474,441.378,454.284,442.162,443.507,437.886
442.860,439.565,435.575,429.215,446.476,435.852,447.281,438.627,430.949,446.299
441.218,442.642,438.382,427.897,442.831,433.014,445.852,431.335,448.055,436.321
434.060,440.345,435.852,450.103,448.585,435.575,443.862,425.989,442.271,448.055
439.183,455.925,436.764,426.653,446.476,441.500,447.306,448.055,435.575,431.324
441.957,447.309,436.857,448.632,434.474,436.903,424.635,436.903,425.820,440.623
448.483,430.689,449.141,450.610,426.600,451.743,437.526,431.005,450.089,438.129
438.318,454.624,438.627,431.129,435.136,445.663,446.677,441.542,453.917,429.044
448.359,442.583,436.040,438.277,439.976,444.599,448.335,434.207,441.474,431.335
431.436,437.630,436.504,442.571,445.663,436.854,429.215,446.227,444.898,448.569
440.059,445.159,443.497,452.040,454.624,441.456,431.267,434.145,431.289,438.414
444.134,444.195,441.739,451.675,431.267,453.820,434.922,447.986,426.600,429.907
434.221,438.706,446.065,444.397,447.904,434.474,450.415,438.414,436.836,429.907
448.055,433.903,442.786,425.820,444.195,426.600,438.414,451.916,438.382,442.466
435.666,446.146,435.506,440.773,439.847,426.600,431.289,452.504,446.173,448.585
445.861,442.162,443.862,443.650,447.079,441.568,445.984,446.558,441.602,435.673
438.762,454.764,448.520,443.862,441.474,443.465,431.289,449.412,449.978,441.947
449.291,431.017,449.291,438.382,449.769,446.981,446.677,444.568,432.040,435.575
459.721,446.476,446.997,438.113,447.817,448.002,445.811,429.215,444.795,441.377
429.215,432.389,444.195,448.315,434.357,433.938,438.762,438.382,438.113,442.860
448.779,435.575,438.719,449.408,438.129,433.692,438.732,444.195,441.474,449.291
445.663,442.030,449.466,446.097,438.182,442.126,435.694,440.934,435.575,442.326
439.513,450.511,445.125,446.299,441.957,457.424,446.369,448.779,441.474,432.389
446.845,439.646,452.492,449.472,443.908,445.663,453.425,452.381,448.315,452.219
442.853,443.981,450.004,442.571,436.221,438.382,446.885,443.831,443.910,446.783
434.221,437.457,447.596,443.451,431.324,448.958,436.714,450.610,444.550,441.717
448.570,435.518,448.479,442.994,431.267,450.610,434.782,434.922,432.586,431.005
445.989,440.744,441.947,426.600,446.677,426.600,445.296,441.812,446.329,442.638
440.744,434.922,452.108,450.244,453.713,446.171,446.065,440.261,436.012,452.715
444.694,436.321,435.947,451.817,428.730,441.127,433.732,443.681,429.044,446.129
448.385,436.012,448.385,442.326,443.168,446.097,445.663,441.409,442.130,439.847
438.414,431.995,424.692,445.663,448.779,441.947,448.359,449.630,431.267,450.238
438.706,445.787,445.317,446.460,430.698,446.423,435.842,446.173,452.959,444.195
436.508,443.756,442.731,443.908,440.059,445.663,442.069,429.624,448.315,455.925
440.049,438.382,435.439,446.558,448.055,427.175,438.762,452.959,429.044,445.945
446.065,434.829,445.852,438.535,438.095,436.854,444.272,440.719,434.474,443.451
457.878,447.056,449.688,434.829,440.299,434.363,432.586,445.589,443.744,450.486
448.055,441.781,446.870,443.507,445.080,443.862,442.461,444.898,435.362,434.221
443.862,433.014,445.663,443.067,440.049,448.785,443.862,426.544,442.602,448.055
446.885,443.862,429.315,450.610,450.086,455.925,446.870,437.738,449.867,442.860
448.055,443.570,448.779,450.001,430.949,445.663,443.000,448.638,453.837,452.504
452.739,429.785,447.338,448.055,432.582,443.268,432.505,445.385,448.632,434.221
451.907,443.389,442.908,434.090,438.382,442.370,434.221,429.907,442.326,435.673
433.690,446.885,433.633,444.383,444.603,446.055,453.052,441.103,445.668,448.632
448.585,439.673,445.559,446.974,443.043,440.299,446.870,440.427,438.762,429.215
452.959,444.066,436.059,446.189,447.282,445.720,431.335,446.384,436.012,442.762
441.326,443.636,446.991,449.767,434.314,449.905,441.044,439.552,426.544,439.468
438.762,436.408,430.618,435.575,441.395,453.623,446.440,447.047,449.412,438.627
431.129,437.982,444.511,430.698,439.646,436.782,435.575,434.567,445.663,444.475
443.207,437.476,446.870,439.230,436.012,431.267,425.649,446.885,452.108,441.542
441.064,444.762,435.575,437.644,440.049,449.696,452.481,448.623,437.977,443.207
441.377,444.203,427.316,448.779,439.847,435.420,442.472,433.373,449.767,461.771
438.762,431.289,442.975,444.195,448.546,441.957,438.732,429.785,441.953,439.234
441.208,450.722,436.321,443.908,431.289,434.434,445.267,450.244,448.359,448.055
438.239,448.738,437.402,443.456,449.141,446.652,441.542,451.581,434.226,441.474
431.289,443.644,443.207,446.190,449.514,434.621,434.922,446.513,452.504,439.538
448.335,439.150,438.762,448.335,444.452,454.354,439.646,447.601,442.900,436.059
439.215,448.585,448.359,443.862,439.547,446.513,451.008,437.402,426.600,440.808
434.922,439.510,431.289,451.253,429.589,437.946,450.415,451.130,445.217,444.167
449.867,439.102,458.598,436.222,445.323,441.399,438.318,437.786,438.819,445.161
452.108,438.129,447.097,438.627,438.706,436.905,452.959,449.291,437.319,431.289
447.047,450.195,455.925,447.868,444.195,430.698,431.267,437.644,433.551,443.862
448.632,432.733,439.976,439.478,445.720,436.674,434.474,443.062,448.632,449.680
443.435,448.779,444.599,437.982,441.542,443.451,446.685,444.195,431.324,437.418
441.957,447.576,449.867,436.905,442.854,446.677,447.749,429.785,451.834,437.149
446.523,448.585,443.862,424.692,441.044,431.267,445.745,438.815,450.217,441.474
454.229,447.879,440.299,442.682,448.055,448.385,446.677,438.121,433.950,435.575
439.393,434.922,451.415,454.209,438.706,443.894,443.207,435.711,450.827,438.553
441.947,442.126,441.953,436.012,443.207,448.585,450.896,439.552,432.426,430.310
451.449,451.036,448.000,449.872,437.802,454.919,446.038,439.179,432.389,432.389
437.402,437.865,446.870,450.263,451.452,443.784,441.456,441.103,455.819,439.820
441.044,439.400,453.847,447.879,448.634,441.602,447.882,446.119,445.901,447.085
450.920,438.318,441.474,433.608,441.399,443.862,450.071,439.187,431.267,443.862
456.024,429.415,453.939,448.779,438.771,443.465,450.349,437.113,438.595,452.385
442.271,439.770,441.456,438.706,437.982,446.476,438.382,448.779,430.641,444.754
449.233,438.762,452.807,446.677,431.324,429.408,436.321,438.762,444.195,450.415
436.991,433.690,454.029,449.264,438.129,447.158,444.195,438.235,448.779,446.813
451.033,447.338,443.381,445.347,441.542,431.324,452.748,449.385,438.762,437.982
444.051,442.702,446.476,439.552,440.902,443.032,432.389,439.421,444.254,442.160
441.632,445.663,426.544,436.321,437.551,436.012,445.512,433.202,427.316,436.236
442.271,444.990,456.566,437.113,445.080,441.947,446.299,445.293,449.078,443.207
444.694,439.694,448.779,439.491,441.953,438.762,446.517,461.041,449.291,432.926
424.692,446.476,440.299,438.762,445.082,445.223,445.663,434.523,452.481,452.712
426.544,425.820,446.870,441.377,451.415,430.481,439.491,453.701,445.291,441.953
438.535,445.125,439.646,452.959,446.227,435.947,441.504,431.436,433.938,444.898
441.717,453.184,448.779,448.779,445.663,450.222,446.476,451.449,437.014,448.779
439.847,453.908,436.012,451.846,444.568,441.808,442.908,442.517,435.349,435.575
430.225,434.922,439.047,436.905,433.092,439.197,452.504,439.976,441.500,443.391
448.483,441.500,432.632,446.813,439.552,441.474,438.129,439.981,440.090,441.602
438.502,434.829,440.454,444.682,450.412,448.701,441.504,443.451,451.316,445.965
440.240,446.038,438.774,438.914,437.402,445.728,446.885,429.785,441.635,443.981
451.939,431.289,444.741,448.055,437.786,425.820,453.320,448.779,447.737,426.544
439.038,446.891,446.677,451.415,441.044,443.374,446.870,437.583,440.059,441.812
431.436,441.876,434.509,452.108,443.935,436.854,434.221,443.908,444.386,438.129
436.905,431.289,451.916,443.215,444.727,425.820,454.487,434.221,426.600,443.389
435.851,442.702,447.454,441.793,443.862,441.953,430.949,448.055,442.590,441.044
445.663,435.971,441.474,448.055,430.641,438.382,447.733,437.982,446.991,447.680
441.474,442.404,438.129,435.852,451.844,431.324,443.784,439.595,448.697,443.862
451.200,446.870,441.377,448.055,443.207,441.474,441.947,447.300,439.102,454.089
452.481,432.389,445.663,439.646,442.130,439.981,440.378,434.922,442.188,432.389
443.497,439.538,452.905,439.053,438.762,436.905,432.920,442.804,443.451,444.051
445.811,443.908,425.649,450.359,446.677,446.476,452.503,451.449,439.552,435.414
436.866,438.164,445.663,441.474,452.959,442.786,432.926,439.981,437.977,433.846
431.005,431.267,433.690,434.221,452.959,447.632,436.854,441.456,449.334,447.459
444.195,442.596,446.531,444.776,441.474,454.997,439.981,443.207,440.367,442.326
448.570,443.908,459.132,442.571,448.956,437.148,443.908,446.227,437.402,443.744
436.012,441.500,448.585,448.335,443.784,448.805,441.957,446.870,438.762,433.630
434.221,431.436,442.126,431.267,432.586,452.204,445.293,443.821,435.575,437.402
448.570,438.382,444.650,445.817,440.242,444.641,441.602,441.314,444.157,443.650
440.435,448.190,436.321,443.862,442.602,447.632,440.891,438.644,444.103,438.414
442.162,445.663,450.824,434.567,445.829,437.644,448.543,451.200,430.897,443.745
446.870,446.870,432.040,439.179,431.324,448.697,443.203,453.876,448.055,443.862
433.903,438.095,447.426,447.124,449.290,441.568,432.823,441.500,438.129,442.171
426.600,434.024,442.602,444.070,448.779,433.690,441.953,446.885,448.686,445.077
441.808,430.949,449.565,449.862,449.408,437.982,442.762,439.646,435.575,443.944
448.171,444.066,445.663,452.715,435.575,432.040,435.275,441.474,435.575,453.425
445.811,440.913,441.474,439.102,445.176,451.916,442.130,443.451,447.632,431.289
446.677,443.944,451.939,439.595,450.276,448.585,434.704,443.963,446.019,439.038
436.764,445.223,430.334,426.600,434.922,437.407,432.313,439.337,443.451,431.335
443.207,428.959,454.268,442.821,459.230,437.270,449.862,445.223,443.608,440.720
449.412,445.293,429.682,452.258,441.953,436.321,447.000,452.806,451.771,431.289
435.353,448.359,441.988,453.053,434.158,443.207,448.779,445.663,439.770,443.497
439.847,439.595,436.854,450.540,440.084,449.867,435.494,435.439,454.737,430.641
438.706,426.600,446.824,443.049,446.200,453.399,447.844,442.602,446.677,446.677
456.983,449.222,443.252,426.600,437.402,446.476,449.291,439.844,427.306,436.836
434.630,436.321,449.291,440.203,450.195,432.389,445.663,442.571,448.170,431.129
445.811,440.513,440.295,431.267,456.181,440.367,426.544,441.957,440.039,430.659
434.829,446.677,443.862,436.012,446.055,442.162,450.064,435.575,434.950,435.575
431.782,455.451,445.663,439.646,446.997,434.245,442.602,448.779,448.383,435.226
436.714,434.922,435.575,448.779,431.838,450.738,436.149,452.258,443.405,431.005
441.568,426.600,450.540,441.474,438.664,454.633,440.676,440.039,440.932,445.083
426.544,441.103,446.513,448.055,447.309,427.306,448.779,436.854,439.764,427.433
448.055,446.370,440.367,444.283,436.326,444.500,443.587,431.436,443.862,441.953
425.820,434.221,426.600,443.659,448.570,426.600,442.276,442.602,433.050,448.971
443.908,439.981,445.293,442.571,424.635,440.242,441.932,447.085,444.815,439.020
446.677,442.602,442.786,444.898,430.698,441.474,444.520,443.910,447.681,439.981
448.779,434.922,446.870,447.338,456.826,436.561,436.321,443.611,437.731,449.999
441.456,441.044,449.643,442.130,437.599,439.756,430.360,445.974,445.663,441.953
447.337,448.670,437.402,436.289,434.221,444.195,450.310,443.067,454.115,439.336
446.299,439.474,437.402,443.908,448.315,432.389,448.367,438.945,443.368,426.544
424.635,451.691,444.699,443.451,426.600,443.451,442.080,446.227,431.005,443.328
441.542,429.907,434.245,448.585,436.914,440.324,446.813,434.195,441.474,438.414
439.646,450.610,447.656,445.223,442.188,446.677,425.820,431.348,435.888,434.004
442.276,435.910,449.998,446.870,433.846,458.101,454.624,435.575,445.384,450.540
436.012,440.049,431.324,453.991,441.982,442.578,448.544,448.779,435.575,450.089
446.129,448.359,441.474,440.299,458.215,448.632,442.355,432.921,444.464,450.046
432.621,448.121,437.668,440.944,442.625,432.389,448.779,435.575,438.176,447.944
442.860,450.280,431.267,436.498,444.195,448.779,429.785,444.283,439.981,446.870
442.512,438.627,433.944,433.846,426.544,449.315,444.195,438.404,439.342,436.797
447.000,445.267,426.600,446.476,429.907,446.476,441.456,442.112,443.465,446.299
449.412,437.402,437.946,448.585,450.266,439.595,439.179,426.600,438.129,448.779
439.847,442.571,436.012,436.836,433.608,432.565,432.218,439.673,425.820,449.078
447.737,452.401,446.824,448.359,426.544,448.632,445.267,440.891,431.324,440.367
435.575,437.856,439.393,446.476,431.324,439.884,433.630,436.321,442.290,446.685
446.736,435.439,439.552,430.641,431.129,448.779,454.624,441.382,436.797,445.467
440.676,439.291,429.215,443.465,426.600,438.762,447.710,444.195,432.142,441.554
452.152,437.855,436.854,435.575,426.544,434.434,440.417,447.322,441.474,441.474
455.380,441.957,444.753,438.414,436.012,444.288,446.558,445.267,441.474,448.585
450.371,445.782,431.782,441.474,434.245,448.659,426.544,442.571,444.195,443.332
432.920,440.496,448.315,446.558,433.690,450.524,434.357,435.275,456.375,434.221
443.497,441.876,426.544,446.870,433.575,444.195,447.322,448.779,445.138,429.215
448.315,449.308,441.103,434.221,448.585,433.903,448.750,436.074,459.071,445.138
431.158,446.870,447.785,441.689,448.359,432.218,441.103,443.862,441.542,434.221
444.365,443.294,448.779,448.585,446.997,429.785,441.794,443.337,443.862,449.630
440.088,431.267,437.738,431.289,447.281,450.290,438.382,429.907,444.694,446.299
442.786,437.149,445.080,435.729,441.474,439.552,439.156,441.474,443.095,435.575
444.195,429.567,450.291,448.779,444.699,434.922,442.271,435.842,439.981,447.672
440.582,441.474,440.006,433.883,438.706,426.600,448.359,448.359,444.177,436.321
444.748,443.543,448.335,438.022,452.715,446.809,454.624,441.474,433.690,447.656
429.785,439.179,426.600,431.317,444.608,442.271,431.289,450.722,444.988,448.359
445.149,448.359,451.246,450.244,445.901,442.719,430.334,431.289,452.876,441.500
443.935,436.074,450.037,444.681,434.490,444.195,433.938,430.882,448.267,424.635
444.568,450.244,452.895,429.359,429.918,445.512,436.836,434.829,438.139,440.367
448.483,451.415,438.706,435.575,442.900,449.587,437.205,443.451,439.179,445.267
434.922,442.602,443.862,448.570,448.055,429.215,448.267,436.905,431.017,426.600
442.780,433.948,433.880,435.947,446.870,443.756,434.922,450.290,442.908,447.155
451.754,433.690,448.632,440.417,443.745,449.023,440.573,439.538,449.291,448.779
450.540,427.205,436.476,445.402,448.779,437.402,429.215,446.384,433.066,448.359
441.474,443.451,441.913,427.433,435.275,441.560,443.510,429.215,448.910,445.663
436.321,432.389,431.289,443.396,442.263,431.324,438.235,443.451,446.460,434.104
429.415,441.518,451.321,436.487,434.004,438.762,442.571,435.226,441.953,447.737
438.706,441.602,446.051,447.079,431.436,442.702,452.504,442.126,445.259,426.544
445.293,441.377,446.065,445.663,434.922,443.698,450.891,446.323,441.474,450.540
436.905,447.586,448.779,444.195,441.474,429.215,433.104,454.624,446.489,454.126
429.215,439.519,452.258,452.974,447.079,451.036,441.953,438.762,438.627,454.882
437.289,450.195,444.568,447.632,441.932,450.896,447.326,447.322,445.323,446.146
446.870,446.146,443.296,443.207,448.055,446.146,445.385,431.436,451.216,441.988
448.585,426.600,441.474,448.779,441.568,441.953,444.183,441.103,447.426,442.337
452.718,457.878,450.485,442.571,456.626,442.271,448.068,446.299,426.544,449.541
435.891,441.500,449.940,445.429,443.650,449.402,436.321,453.362,448.779,448.055
454.391,435.518,445.323,447.216,439.847,427.433,426.600,448.455,441.624,444.195
430.373,430.544,440.049,448.544,435.842,441.044,438.762,432.582,426.544,441.729
440.418,432.040,450.951,443.207,426.544,445.663,435.575,442.126,447.641,443.207
448.190,448.055,431.129,448.385,445.943,441.314,450.540,432.405,435.575,441.474
433.690,429.215,441.044,446.224,429.907,439.646,448.779,443.745,444.686,433.346
442.281,438.682,448.827,445.293,435.439,433.938,454.634,448.055,433.092,444.773
448.632,441.794,434.922,435.575,435.852,452.959,448.779,444.230,442.900,443.662
447.777,440.049,441.690,454.567,434.221,447.483,442.994,446.299,448.956,442.146
438.382,441.474,434.829,439.166,441.542,436.321,443.114,440.039,446.299,443.908
440.744,436.764,439.565,441.484,445.223,442.570,446.997,447.754,432.313,451.036
441.208,438.391,429.785,438.129,425.649,447.486,436.012,440.367,452.052,444.157
