507.185,488.028,489.832,498.423,471.385,468.501,479.874,471.273,463.101,473.857
464.268,499.474,466.744,476.283,474.231,474.570,474.072,476.232,463.303,468.219
476.560,513.134,478.204,515.188,472.059,459.198,515.068,516.896,463.872,472.750
465.658,500.155,492.270,487.327,467.176,448.952,483.281,483.584,460.584,480.516
459.786,471.623,458.740,470.528,504.718,457.447,487.410,487.897,466.244,470.955
480.799,468.132,477.119,475.862,473.815,483.237,480.464,471.708,474.941,484.553
462.617,460.196,471.850,487.714,468.513,481.588,480.076,469.317,490.315,476.230
508.814,460.195,478.286,463.165,471.943,480.110,481.475,493.106,497.211,487.999
489.743,477.897,480.297,477.479,483.809,490.351,474.580,479.441,486.772,485.549
462.869,457.170,482.810,467.777,457.988,477.790,520.175,486.148,478.959,501.179
467.044,464.475,456.713,487.866,479.364,483.256,489.585,472.689,480.798,471.746
471.563,475.432,482.747,487.174,472.474,495.121,483.360,489.460,483.673,482.055
462.649,468.197,464.949,479.537,486.099,496.726,477.574,496.156,485.548,467.338
477.474,477.767,478.841,493.080,462.666,490.574,507.105,471.237,497.518,509.856
481.243,487.904,469.871,485.916,498.782,488.758,481.179,473.236,483.684,495.569
475.312,493.467,489.936,489.522,485.072,458.860,507.146,490.036,493.292,484.066
470.416,469.742,486.025,475.097,484.521,475.079,490.083,490.376,486.860,466.755
465.614,488.807,511.562,490.838,481.768,488.032,460.327,467.987,517.531,529.441
489.000,485.584,489.422,486.358,478.742,479.208,470.644,474.051,470.565,479.563
483.101,489.428,463.099,465.625,483.137,472.747,500.630,470.022,485.943,502.315
473.096,491.744,521.277,483.777,500.798,488.237,469.937,485.012,513.380,493.280
469.042,501.474,496.426,495.378,482.521,525.587,502.846,480.052,470.459,505.836
527.083,519.685,490.024,461.511,487.162,497.658,502.292,493.763,492.373,498.396
490.586,473.368,491.946,493.377,482.268,472.560,490.404,485.024,490.303,484.706
479.932,494.321,479.622,471.519,499.262,479.981,494.888,469.301,490.883,501.136
474.998,489.453,472.713,497.166,470.741,464.935,486.194,478.213,483.599,504.544
488.272,510.211,482.658,486.715,471.334,494.157,488.318,472.282,480.217,489.334
474.076,517.150,467.990,484.477,473.723,508.813,499.922,495.165,498.202,523.511
468.610,471.926,510.456,483.854,474.570,467.456,504.231,483.883,504.643,483.127
508.275,504.422,474.120,470.618,486.310,498.203,485.827,497.345,488.450,489.761
473.448,482.838,486.355,482.416,489.655,481.403,495.337,489.770,500.642,482.558
506.818,480.049,480.824,492.424,494.537,487.382,501.636,497.638,467.357,510.028
462.663,483.641,477.309,471.677,471.883,478.053,513.175,467.033,487.754,480.463
508.981,488.786,518.812,509.085,486.460,472.763,495.354,482.891,477.884,481.032
484.988,473.148,472.732,508.282,495.186,484.989,478.335,477.994,481.494,479.993
493.475,478.928,469.552,478.705,481.269,495.559,479.187,495.016,494.511,492.427
478.447,510.382,492.128,484.240,493.816,497.506,495.433,486.030,525.573,494.058
494.159,504.167,469.745,476.389,499.205,486.244,469.496,498.253,458.111,479.347
472.454,477.549,487.052,493.392,489.786,485.954,498.947,494.087,478.359,494.941
497.546,482.412,496.965,491.092,509.384,478.949,487.896,482.501,480.556,485.041
474.432,476.856,490.310,470.776,476.633,492.952,477.774,484.152,494.140,492.864
524.705,497.732,478.087,462.969,488.865,496.076,503.546,490.823,483.121,500.012
477.560,487.098,475.476,472.303,504.290,463.277,471.214,488.807,470.410,491.919
473.709,480.096,482.063,498.092,504.793,502.094,484.521,475.232,510.020,525.596
515.104,512.859,489.484,480.949,483.921,479.136,498.519,516.277,484.020,486.126
495.831,486.580,483.219,489.831,498.824,478.025,487.115,485.569,479.258,478.811
518.065,488.372,479.091,478.661,484.803,465.712,494.104,465.131,484.690,478.476
485.826,509.089,474.435,526.227,492.987,473.733,470.718,475.346,487.966,502.885
471.356,518.136,475.794,524.913,477.448,489.690,522.215,490.454,483.568,491.912
481.911,508.857,488.037,503.929,483.838,528.549,532.615,494.909,471.034,518.752
472.151,474.738,498.592,483.621,476.019,495.764,485.427,495.391,478.919,483.304
503.589,484.294,491.404,478.598,485.276,495.800,473.497,505.424,493.131,487.935
483.382,476.792,498.915,477.001,484.643,473.877,519.434,488.300,468.532,488.325
487.130,474.471,502.519,507.815,504.150,481.191,492.755,482.111,476.996,526.253
520.686,498.325,479.929,493.425,486.066,482.204,489.262,468.154,509.294,492.796
476.158,496.796,480.823,480.835,484.527,489.073,480.689,523.315,456.274,498.373
485.216,478.004,501.650,498.871,533.826,509.265,499.316,479.643,474.583,472.224
488.553,512.839,477.331,489.691,497.042,498.826,493.117,493.711,483.269,476.022
499.547,495.764,488.729,483.294,496.004,490.315,489.138,484.211,484.480,491.652
502.525,516.723,485.351,481.781,522.963,497.331,473.323,490.145,504.950,480.477
482.598,490.439,480.665,492.606,507.190,485.760,480.353,483.840,481.544,482.662
474.717,503.000,508.954,500.678,496.588,484.395,498.471,499.139,472.313,470.253
504.326,499.155,487.031,505.546,502.012,484.499,519.596,500.301,484.533,488.770
477.247,506.513,494.172,498.174,539.044,486.752,487.853,502.122,485.489,490.382
495.513,495.338,489.699,488.589,476.990,519.458,479.481,512.300,477.910,487.029
499.083,515.002,497.956,469.322,482.200,470.462,486.409,521.267,492.885,492.541
477.193,491.032,494.019,494.098,486.333,500.932,494.896,504.556,469.196,524.163
493.661,502.352,479.849,474.265,487.904,531.590,481.926,494.815,524.221,475.122
496.313,501.855,496.423,485.373,470.042,491.241,493.046,496.711,512.019,492.123
484.615,482.169,489.774,502.911,508.490,497.761,489.946,507.751,472.007,487.879
492.454,503.491,492.267,480.317,492.038,474.330,480.068,512.669,478.772,486.757
491.319,482.942,479.114,472.637,486.393,494.520,481.649,517.139,491.400,486.219
493.504,503.357,476.680,513.317,486.938,492.540,492.607,484.212,473.753,518.077
488.837,485.888,480.962,463.459,488.157,520.723,503.135,489.158,486.505,481.083
498.330,488.090,498.351,499.016,493.939,476.355,476.618,490.647,482.095,517.356
488.850,494.902,486.552,486.227,467.815,484.098,477.989,512.210,507.570,492.360
472.019,495.497,494.506,481.850,494.152,477.855,491.869,504.586,488.742,490.479
484.727,472.390,480.053,485.737,481.811,473.312,496.900,511.531,472.879,482.786
486.187,481.710,485.451,473.841,503.494,494.219,479.398,497.823,483.426,498.378
471.632,482.191,507.224,489.437,500.527,503.207,484.031,480.226,476.855,477.646
511.409,474.481,496.690,497.986,486.232,473.858,469.507,487.796,471.761,475.785
505.576,482.808,470.195,494.721,478.694,473.126,491.343,497.552,509.997,490.591
489.869,482.541,496.448,489.348,469.228,479.318,497.890,467.450,516.264,487.750
476.130,486.681,512.324,512.227,487.663,485.789,468.496,511.698,465.935,501.200
498.714,481.071,498.645,545.153,481.613,505.030,464.532,504.333,491.753,517.280
489.576,475.817,492.860,475.169,478.214,511.395,513.052,483.225,505.428,487.136
520.132,482.711,468.905,484.642,490.923,492.380,482.475,474.517,502.737,485.500
493.553,475.680,492.424,474.849,465.423,504.489,479.631,487.718,495.070,473.361
470.557,469.084,505.288,483.296,479.312,511.697,486.704,471.844,475.319,491.296
482.181,474.628,496.251,523.465,485.942,465.281,481.762,483.810,495.987,491.918
485.770,491.322,492.960,474.007,479.706,514.261,461.299,473.746,490.212,482.480
478.293,468.466,496.821,516.338,489.960,497.905,467.358,477.842,479.134,498.503
489.253,470.097,477.280,482.688,498.109,465.836,491.702,483.944,485.139,479.015
488.665,488.364,510.290,510.849,483.318,484.355,485.552,494.407,492.919,469.908
483.196,475.475,486.674,468.410,502.133,473.521,472.238,511.440,476.695,486.096
498.559,483.970,470.488,485.400,487.972,497.074,478.354,489.590,487.055,494.549
491.257,474.684,497.167,486.979,514.271,486.111,477.875,475.333,479.519,472.880
467.412,511.045,482.050,501.241,488.363,473.010,484.493,497.233,474.960,472.697
482.612,475.447,484.173,526.470,487.378,476.965,471.239,484.241,501.635,502.659
508.039,493.493,465.784,477.343,487.386,487.461,489.959,463.455,501.346,480.517
498.902,491.890,467.955,459.929,482.881,494.430,485.572,481.684,480.543,475.294
483.143,502.074,471.508,487.354,477.241,482.969,517.788,526.047,506.866,498.353
479.052,508.843,472.513,513.220,485.215,482.283,484.204,478.225,480.463,490.290
510.859,496.835,474.934,472.522,482.807,474.040,470.735,476.748,489.295,468.422
483.167,491.620,473.707,478.360,480.967,485.047,495.990,501.388,472.001,479.590
475.754,494.244,468.493,475.928,487.488,466.770,491.229,485.880,467.267,518.823
499.801,484.815,481.748,472.314,487.041,483.872,511.526,491.313,485.053,465.052
467.526,481.197,510.836,487.014,477.175,495.345,530.916,493.577,466.782,487.339
478.293,473.136,483.235,475.398,465.101,487.392,498.029,485.769,478.962,490.698
520.176,476.664,481.995,487.095,472.622,476.096,495.120,484.353,486.330,516.053
494.801,478.809,501.345,494.563,486.220,496.964,481.013,485.091,482.187,481.489
514.974,512.777,497.748,497.998,470.643,468.503,492.245,510.137,465.488,485.105
492.144,483.341,505.048,525.980,491.365,497.036,468.477,513.254,483.716,512.268
484.933,483.274,477.714,495.364,473.382,508.703,475.444,487.753,495.631,501.305
484.853,480.730,481.843,513.016,506.827,467.760,485.487,489.219,503.705,478.786
485.228,497.609,490.970,497.277,498.056,469.046,478.653,477.463,486.550,498.071
479.861,486.499,483.785,474.455,475.389,482.792,502.625,497.882,467.101,474.962
496.882,503.238,468.672,497.832,481.469,493.585,494.609,506.435,487.526,496.326
494.770,490.866,494.037,483.442,480.553,462.256,479.259,470.668,480.691,477.676
483.728,487.227,505.654,496.701,479.337,505.316,486.205,494.295,515.374,480.691
488.990,491.643,493.043,490.840,483.437,471.131,468.779,470.169,498.448,477.218
516.325,481.712,466.861,476.269,493.172,467.280,476.283,469.932,496.961,465.260
508.676,480.345,488.285,476.486,491.492,480.178,466.903,478.805,474.851,478.664
468.555,485.943,472.261,489.628,470.451,487.819,494.904,481.198,455.284,479.398
502.000,491.414,499.901,478.022,483.384,506.956,481.863,509.077,488.229,492.678
493.041,502.104,497.661,511.877,489.088,486.295,498.944,475.584,476.771,478.960
526.083,465.843,490.103,465.887,468.602,465.668,477.130,488.962,475.119,481.097
514.590,478.266,500.289,486.452,473.314,479.663,501.616,488.874,484.082,489.552
460.362,476.501,481.715,484.769,493.608,491.277,483.853,485.007,474.617,470.037
472.614,495.749,475.238,471.022,517.007,512.895,484.541,468.859,486.553,470.541
471.422,486.532,485.451,465.186,486.317,497.472,483.210,468.479,512.974,496.049
517.138,487.395,506.186,478.652,469.883,497.504,468.994,463.482,484.100,479.351
474.920,484.492,521.969,512.041,497.261,519.338,484.665,497.861,518.523,463.686
502.509,463.931,496.498,501.760,481.323,465.454,466.563,484.037,490.585,489.988
492.874,472.459,472.713,528.786,459.077,475.459,493.648,478.297,508.587,501.137
487.693,486.262,470.135,482.044,500.015,478.827,467.969,487.740,487.231,489.451
479.810,495.706,501.478,468.330,471.283,475.641,462.646,482.737,492.243,477.843
466.699,481.517,502.449,502.919,486.076,492.464,477.456,500.316,469.602,459.729
478.542,506.181,486.004,493.005,464.530,478.663,474.737,487.558,486.152,463.818
474.821,501.686,486.087,489.551,466.202,498.151,477.974,484.035,467.255,514.744
525.436,520.890,491.687,482.162,489.800,486.418,466.914,500.610,477.521,488.191
526.697,465.478,470.975,511.017,487.924,509.744,489.411,463.451,507.792,487.600
497.466,488.492,481.375,479.813,521.246,489.162,473.174,478.885,495.373,480.485
530.399,484.816,473.338,483.940,494.932,472.311,508.698,482.295,488.808,467.300
487.757,476.299,491.817,497.474,516.442,513.799,463.725,468.741,510.603,487.566
494.376,470.570,474.170,481.745,487.139,487.497,483.866,486.604,487.048,469.655
466.877,520.062,466.860,479.866,477.401,501.731,484.317,493.189,504.220,471.295
479.837,489.307,489.458,505.388,491.441,480.875,496.763,509.475,459.257,466.331
461.567,472.675,470.718,478.254,456.301,476.869,515.333,487.090,522.317,488.669
487.105,496.408,491.886,511.381,475.217,497.511,476.597,505.082,483.933,527.909
472.650,484.632,461.763,466.956,488.339,480.871,482.831,469.659,473.606,478.608
478.792,483.860,509.753,498.256,511.058,484.447,494.021,493.085,478.458,478.025
474.271,461.478,476.844,487.293,485.645,478.181,465.600,483.642,463.566,475.475
460.319,480.203,486.557,479.021,481.766,510.631,501.347,481.820,497.416,494.456
519.007,482.890,486.534,475.677,468.491,508.247,465.890,483.904,490.647,473.076
507.799,486.407,475.803,461.496,467.450,461.414,473.757,512.813,476.895,486.443
453.202,491.917,520.621,479.952,465.409,503.801,473.853,480.553,512.709,483.286
480.982,464.454,499.415,490.807,471.454,484.352,492.298,475.734,523.414,484.282
463.942,497.471,485.477,493.486,504.606,492.998,456.364,467.589,489.556,463.707
485.157,484.157,503.710,472.232,485.651,473.100,484.281,495.403,482.032,492.007
484.900,485.426,507.123,523.289,480.054,476.670,467.510,478.961,490.131,463.810
480.392,464.952,470.793,489.793,486.221,502.064,482.864,481.930,497.999,477.514
481.953,474.709,514.300,472.176,496.241,494.315,474.692,489.843,488.991,494.732
475.902,487.494,488.170,475.860,491.558,503.509,495.503,509.699,496.112,489.676
459.753,498.584,500.519,487.426,492.966,493.051,488.831,492.266,475.902,504.742
489.066,486.090,466.943,497.686,472.496,479.960,467.185,483.650,522.764,489.086
476.446,484.804,520.886,500.545,479.034,515.453,466.072,467.313,485.143,511.254
480.495,475.141,490.944,481.739,494.290,469.119,479.346,486.684,472.716,495.405
481.864,499.468,494.434,466.363,463.503,485.758,481.041,497.194,487.687,482.065
476.800,475.099,477.068,500.200,485.523,490.477,488.422,467.928,480.094,491.775
492.213,529.515,494.235,486.108,475.006,501.220,486.832,477.676,460.558,482.618
466.445,496.576,499.684,477.662,487.395,493.108,482.549,481.469,466.876,481.472
499.758,483.017,499.506,492.680,491.577,469.421,483.019,487.360,476.499,497.727
467.091,470.670,466.667,525.763,463.466,479.118,475.577,472.469,490.359,480.902
469.890,466.140,495.119,463.689,503.134,500.766,481.109,490.986,483.902,471.883
495.150,482.079,469.547,472.507,500.681,469.325,496.304,525.371,482.973,485.487
489.246,474.793,493.058,484.312,481.154,506.667,481.788,475.879,493.709,473.957
486.107,476.390,470.529,499.939,499.576,513.922,474.825,487.962,510.416,513.673
465.767,496.136,469.681,476.176,522.915,504.167,511.417,485.514,507.038,495.801
494.857,495.973,470.870,480.985,487.715,493.142,475.073,491.489,477.944,475.040
477.392,490.342,509.831,478.761,494.216,476.506,492.648,514.957,501.951,495.374
478.217,480.100,482.088,495.045,466.430,482.751,501.984,489.699,499.960,502.683
489.819,515.554,518.503,473.097,478.663,481.895,468.673,515.093,523.062,478.585
518.066,481.505,471.887,483.131,497.526,477.181,494.722,489.466,478.984,487.987
487.216,462.963,474.590,478.612,510.520,469.982,487.225,470.564,481.236,484.264
470.899,496.418,482.404,527.428,465.202,490.256,484.789,483.046,514.785,524.627
513.933,474.622,466.549,473.991,495.200,480.689,497.464,473.408,500.545,485.803
501.889,493.515,502.632,491.938,487.053,475.144,493.797,479.210,496.475,468.444
479.077,468.107,485.513,493.488,495.986,491.232,470.709,512.501,485.355,470.766
481.762,478.269,491.125,499.327,474.486,504.452,466.614,475.816,488.330,465.938
520.243,482.193,489.081,501.862,476.770,470.563,478.414,495.399,495.886,491.784
472.898,484.856,487.257,498.282,494.619,482.128,471.557,505.085,502.201,491.066
490.656,498.383,486.201,501.662,499.961,488.613,474.207,493.804,492.708,465.693
481.685,488.434,499.847,494.302,483.854,488.501,473.145,467.025,473.886,479.282
511.397,490.884,490.530,473.887,495.907,524.775,467.206,509.379,482.077,488.493
522.960,476.903,484.284,490.333,513.760,467.491,493.639,506.716,518.271,488.519
477.653,475.910,479.556,494.522,498.492,487.162,495.894,470.618,473.936,512.083
492.399,462.015,491.708,515.829,466.830,484.510,477.927,482.884,481.829,483.864
485.608,493.312,503.511,481.400,472.749,494.998,476.983,467.272,517.147,485.778
511.966,493.902,476.824,504.083,471.583,474.148,474.848,471.790,489.029,475.757
472.745,505.437,470.833,486.050,498.355,507.478,482.728,496.521,533.625,474.298
482.965,487.800,492.758,498.276,505.142,485.157,523.938,484.841,502.426,520.343
496.261,483.233,501.623,484.387,486.215,484.149,473.203,470.125,487.751,480.709
489.731,483.997,518.037,515.361,506.402,472.559,502.454,497.083,480.031,485.845
489.657,479.381,478.081,510.593,473.370,475.653,486.401,480.098,476.745,470.041
490.448,525.873,523.082,489.004,480.138,480.174,506.548,485.911,489.676,472.497
487.761,494.387,483.453,478.651,491.299,483.177,491.571,495.400,479.493,466.473
486.286,465.846,474.092,486.335,483.579,498.882,517.486,489.159,498.552,471.727
525.926,480.817,493.123,480.885,476.586,470.693,515.731,491.613,484.100,493.386
486.970,490.152,522.054,479.645,501.230,495.705,477.466,519.270,471.168,495.944
468.419,497.068,488.635,477.726,477.899,499.536,508.736,498.843,485.138,487.882
511.436,496.816,485.980,490.150,483.679,477.229,468.573,514.521,477.553,483.479
487.262,486.661,501.784,473.222,477.613,495.700,480.076,486.715,507.645,493.688
488.784,467.633,485.729,493.576,494.456,490.677,494.184,487.755,499.726,471.812
486.724,491.774,474.622,474.430,490.049,493.060,476.381,509.138,484.708,477.116
500.162,498.746,486.196,480.769,474.754,475.490,523.487,489.863,470.017,493.264
483.756,478.833,493.407,473.268,488.609,492.027,505.699,492.582,505.615,494.442
495.353,469.949,493.519,509.466,484.606,496.547,476.068,492.177,490.330,485.760
458.763,518.659,483.034,500.818,485.463,481.417,490.994,477.275,501.233,494.033
488.564,490.863,482.669,476.655,476.430,471.495,494.718,493.331,491.949,470.108
503.797,492.930,472.760,460.396,491.772,483.305,486.425,498.753,481.356,498.792
475.286,491.836,476.807,492.934,474.118,470.536,495.400,486.595,495.850,486.699
493.416,496.506,481.663,470.454,484.245,473.012,525.176,488.764,473.978,461.018
473.390,502.788,515.702,486.380,467.977,503.653,489.598,498.934,513.006,500.603
486.782,483.170,495.180,486.098,501.041,490.297,481.283,477.328,490.853,472.749
465.314,483.845,501.458,473.244,474.625,496.105,494.269,505.991,479.997,497.376
479.014,480.401,479.392,471.652,468.742,486.722,480.525,497.845,478.965,477.995
513.594,485.695,485.432,491.689,469.222,489.582,491.416,514.603,481.263,479.771
485.213,505.597,512.117,507.079,475.301,492.114,487.942,475.298,509.184,493.634
471.646,468.253,495.823,470.036,472.887,510.586,486.797,471.744,474.453,455.532
501.136,495.436,483.155,467.907,491.665,469.390,483.091,503.404,474.217,500.565
514.550,520.450,483.477,475.325,463.529,483.882,468.919,504.105,471.157,481.542
483.213,483.855,469.596,517.055,503.581,491.388,489.840,517.088,495.889,482.753
507.539,504.929,484.709,478.968,492.321,468.538,494.120,496.049,491.269,517.464
490.774,488.007,489.934,473.116,492.381,500.544,483.696,492.424,507.990,531.618
476.908,491.493,505.616,492.404,531.461,489.185,530.091,494.677,475.878,496.952
471.338,474.800,492.115,496.724,473.018,473.687,483.555,491.333,475.505,493.810
523.984,501.073,494.826,482.234,490.284,469.174,495.800,478.865,498.580,488.644
519.473,492.612,514.446,480.433,494.407,486.733,472.627,490.224,515.241,477.551
456.924,493.072,472.100,480.713,497.025,484.501,482.480,479.957,476.667,519.628
478.079,480.723,524.590,496.497,512.219,496.985,493.206,470.470,522.783,490.959
481.453,473.178,501.400,481.031,510.323,469.485,472.838,495.579,492.354,488.370
507.956,487.114,506.503,486.934,508.069,476.584,500.502,504.047,484.052,479.487
474.115,498.785,485.278,514.188,499.169,482.033,482.258,498.998,487.967,486.278
495.305,483.139,510.749,492.466,486.533,485.064,503.209,479.674,473.579,508.087
467.749,496.699,466.249,478.120,491.726,474.690,482.855,511.175,497.679,497.167
488.061,486.607,476.066,486.042,470.253,494.610,485.320,501.919,477.706,492.537
468.879,521.841,486.004,508.653,474.569,502.650,489.446,475.406,486.958,477.556
498.397,493.783,505.580,484.964,485.506,505.510,484.228,471.677,475.340,497.284
486.985,466.796,505.841,493.187,481.446,490.146,475.192,474.444,520.669,495.149
484.141,471.927,488.865,476.227,504.851,479.724,496.873,500.160,489.507,478.711
482.962,482.583,513.462,489.380,491.412,502.299,499.126,483.217,498.969,474.890
502.423,495.685,482.940,510.242,507.938,482.780,479.341,478.703,493.571,486.117
488.000,508.119,482.396,469.679,516.152,495.131,500.169,483.232,478.730,477.849
510.409,486.474,498.802,507.217,498.420,487.716,488.685,467.998,524.465,491.038
497.499,496.640,498.278,511.999,481.179,515.591,486.255,497.310,519.920,489.068
497.056,474.784,488.799,477.203,496.012,510.891,484.383,500.940,483.132,488.841
485.517,500.268,492.897,530.996,482.338,491.550,492.036,467.322,481.021,472.806
517.881,496.490,495.290,478.498,486.053,480.496,489.531,511.736,492.957,472.207
489.408,499.264,483.225,495.566,484.594,490.809,498.848,492.935,495.583,508.948
502.892,487.052,480.183,490.046,478.018,487.957,480.158,506.755,472.872,480.064
490.085,511.452,491.769,503.976,492.205,495.564,504.941,472.135,472.056,522.762
462.181,482.529,492.066,469.396,488.522,492.681,485.667,483.113,493.801,481.984
468.704,503.210,480.117,491.138,493.686,493.896,471.722,483.079,503.487,462.371
502.285,477.721,510.140,470.168,478.930,499.665,472.895,481.291,502.826,482.211
498.719,501.413,471.591,485.159,477.068,506.603,491.310,501.774,475.192,490.408
471.042,501.947,479.203,491.545,469.649,482.404,497.402,507.874,494.285,503.317
486.822,497.386,492.331,489.456,488.819,473.910,492.511,473.434,511.644,481.398
490.145,503.583,480.312,492.513,524.145,487.142,476.591,502.629,465.349,469.294
477.785,488.897,475.641,474.962,475.478,497.209,473.503,505.415,487.971,491.162
490.078,479.149,476.992,490.111,470.806,502.075,493.270,503.498,481.764,519.553
487.325,466.451,477.120,507.128,473.126,477.716,479.631,477.762,486.533,489.903
479.545,468.406,484.632,479.683,499.087,474.802,484.046,481.349,472.028,464.293
489.159,518.132,495.971,497.392,481.873,491.625,474.300,476.172,478.421,500.910
480.955,487.665,499.252,506.757,499.426,481.332,494.030,518.311,468.417,489.250
466.798,498.477,465.924,466.026,480.760,493.987,491.865,495.892,497.880,468.471
493.783,484.632,482.255,495.664,498.217,489.474,459.571,504.237,520.216,498.347
501.418,483.024,472.049,470.976,504.159,487.785,535.094,489.706,494.049,495.049
491.023,463.662,532.254,469.961,485.439,457.221,486.925,492.039,484.416,490.787
500.433,515.855,489.367,491.524,494.279,467.419,492.843,496.217,491.238,475.814
495.769,474.276,484.284,507.317,476.945,507.378,486.913,479.755,492.179,467.580
470.996,487.397,489.133,491.655,473.662,491.079,482.525,492.299,469.468,465.449
491.074,484.059,500.168,489.441,535.029,486.378,476.078,493.254,476.476,473.487
499.893,491.706,493.185,470.752,471.847,485.793,478.826,476.021,485.241,499.552
478.612,504.746,476.530,496.916,498.792,493.523,470.711,500.201,484.170,469.514
477.790,470.822,490.374,486.495,496.187,492.137,467.944,500.097,540.131,507.798
481.053,477.540,466.801,475.305,491.874,468.965,456.220,488.405,487.910,468.500
478.574,489.414,471.038,478.815,497.570,477.293,484.514,494.927,486.165,481.905
479.189,482.566,471.990,480.927,484.532,497.962,480.757,465.476,467.354,473.033
475.513,504.979,498.675,525.922,486.667,500.284,495.167,474.261,477.154,484.374
491.485,481.136,491.054,500.279,478.038,507.887,480.983,473.158,481.680,494.777
476.271,476.336,493.757,469.883,481.872,480.579,492.702,498.360,472.502,486.445
480.268,495.944,487.858,481.181,487.008,486.282,492.047,477.580,498.531,503.748
508.757,489.640,486.302,484.506,490.992,494.622,495.915,475.281,487.318,488.075
499.993,482.367,463.892,470.288,486.704,484.139,495.271,546.078,502.869,488.062
503.236,470.763,504.520,480.967,500.987,512.040,468.097,474.891,466.449,482.493
487.609,490.584,477.828,466.972,515.368,487.358,474.386,483.933,501.103,497.661
493.756,485.163,500.741,487.040,492.547,479.747,486.165,475.394,498.396,493.156
515.369,480.776,487.922,466.937,491.088,510.741,500.975,487.742,491.433,478.452
501.605,519.970,481.955,492.397,480.770,501.308,508.800,514.040,497.511,509.775
489.652,523.727,503.283,480.317,485.630,478.588,504.588,485.791,458.860,492.326
490.310,476.052,481.855,509.286,495.764,479.302,491.398,488.546,506.473,493.095
492.061,498.880,485.593,500.315,479.578,501.085,474.201,493.187,476.658,485.575
486.946,500.166,491.290,470.312,477.197,519.990,502.543,477.837,475.729,475.383
479.050,490.226,506.172,522.121,472.905,489.655,504.992,499.896,491.740,505.199
494.103,492.100,494.465,488.281,484.332,511.163,494.686,494.507,508.577,473.143
521.493,526.908,492.286,498.969,471.006,476.468,491.241,478.998,498.496,481.635
496.384,489.644,491.745,483.872,508.955,498.551,499.006,487.441,473.270,488.434
504.179,468.155,477.994,482.758,493.376,472.342,524.182,490.812,496.313,478.069
488.531,493.846,514.725,485.171,502.976,481.863,475.816,494.473,481.229,501.197
480.272,486.289,488.788,520.131,484.108,493.911,514.599,499.344,520.398,478.966
500.925,494.913,464.492,487.225,495.035,466.903,497.798,477.760,482.174,500.129
474.661,473.865,486.865,495.515,496.106,489.259,476.243,485.378,492.703,496.886
509.067,485.840,496.839,500.128,484.792,493.038,486.135,495.045,480.145,486.707
506.017,484.498,532.539,507.698,510.304,504.286,501.565,488.790,482.309,494.447
482.485,509.721,492.234,501.410,486.182,499.375,483.268,481.209,493.604,486.771
472.918,484.831,491.492,489.682,481.218,505.473,508.315,481.847,501.631,489.605
489.811,507.028,485.623,492.659,498.777,483.924,497.195,482.074,500.071,475.775
498.356,472.091,479.950,496.344,478.574,490.406,474.825,488.752,507.982,476.130
492.282,511.973,500.264,502.081,494.919,496.878,492.371,505.106,483.271,516.099
485.709,530.030,478.992,519.023,475.259,487.181,499.167,479.092,488.639,487.078
495.611,484.401,481.557,488.006,488.270,529.551,499.950,506.588,482.941,502.905
498.902,490.088,501.418,479.358,484.617,497.682,478.823,478.434,494.734,487.539
461.226,489.891,481.916,489.864,469.728,488.485,516.991,481.448,484.867,485.389
494.019,522.900,508.882,491.564,481.635,483.157,474.750,484.212,501.083,475.535
478.822,479.929,505.529,490.514,490.757,486.442,489.460,515.086,500.549,478.505
477.094,510.672,486.059,493.726,488.129,466.493,493.008,483.543,480.714,496.510
486.382,492.872,491.838,511.639,510.006,491.436,475.091,504.567,507.553,500.851
501.601,486.296,479.636,492.635,471.901,476.250,474.984,476.249,477.491,488.173
481.913,498.364,491.396,476.130,471.224,508.195,484.409,475.069,508.051,489.918
490.511,490.077,497.242,495.180,511.605,489.926,520.063,469.805,506.127,484.233
476.309,484.810,496.034,504.010,522.702,476.523,483.506,489.181,503.592,485.065
487.194,498.011,498.713,480.860,467.972,476.468,482.303,478.589,478.604,503.518
483.925,495.463,470.759,492.526,481.913,485.865,473.483,476.448,521.584,491.497
486.920,508.002,475.323,476.618,471.796,486.291,474.971,486.157,482.357,492.375
505.891,500.839,498.808,504.060,470.589,480.774,482.038,495.344,481.773,494.324
519.414,481.213,516.977,462.865,475.897,497.085,490.941,513.139,481.214,495.103
528.415,478.426,488.867,495.132,492.695,491.029,506.197,495.367,497.210,476.779
483.859,506.512,495.540,512.065,495.949,496.304,491.567,503.204,468.563,467.703
493.110,468.676,507.598,498.833,494.536,480.841,501.946,484.954,509.248,497.452
476.609,485.776,501.556,473.821,482.715,495.411,485.606,463.238,485.033,476.162
495.236,506.572,501.769,480.246,501.535,484.118,492.971,498.859,494.774,478.062
490.390,493.117,485.974,475.048,477.653,479.310,479.224,482.188,472.371,511.720
481.743,478.916,484.439,495.248,507.452,500.928,494.718,506.603,494.405,513.471
487.720,467.824,481.505,508.692,495.113,485.999,492.765,493.724,483.669,471.758
490.310,474.061,535.420,493.507,485.437,475.818,475.072,474.514,506.016,497.341
496.239,480.263,474.509,491.246,489.029,496.787,499.312,505.372,475.202,477.051
506.929,489.014,486.963,463.800,504.955,484.076,512.497,491.384,508.563,479.105
513.941,483.824,484.334,470.423,462.341,482.711,482.439,486.072,473.876,475.649
485.398,477.360,499.262,482.914,483.660,486.423,485.843,469.848,495.837,499.058
464.812,472.985,491.596,516.366,485.915,507.139,502.822,457.842,500.406,525.139
485.650,467.406,525.475,485.192,474.709,463.049,486.525,491.885,470.466,471.034
489.739,499.624,491.743,525.631,464.439,481.678,507.978,491.640,495.785,498.866
465.146,481.484,473.211,525.516,474.378,474.492,471.734,471.397,470.422,492.609
506.370,478.035,481.932,468.548,490.605,477.508,458.926,482.366,494.069,476.909
482.027,489.558,460.782,481.010,496.058,505.537,473.117,478.661,489.069,477.850
486.257,481.547,510.464,479.310,463.721,497.877,484.438,482.541,480.693,476.766
519.834,471.735,484.572,480.671,465.561,489.973,484.773,493.120,465.693,482.821
462.199,495.153,491.425,470.634,487.096,482.184,506.328,469.183,484.842,471.162
504.320,505.261,478.146,494.632,466.148,488.011,506.131,514.577,494.863,532.729
473.189,469.143,478.651,472.339,485.933,486.190,482.352,490.067,494.241,486.337
477.439,492.439,485.934,472.038,486.854,485.977,480.868,492.796,496.352,502.450
491.243,489.849,503.970,474.574,481.344,470.442,474.886,486.061,487.142,514.120
476.916,474.911,464.657,490.113,515.570,485.100,481.554,476.438,493.137,480.228
467.738,483.453,486.982,473.070,489.288,482.353,483.106,487.366,485.866,488.149
490.314,484.750,469.058,496.765,488.051,480.138,515.432,496.951,470.789,500.868
461.566,491.039,492.993,492.745,471.235,495.598,471.931,508.367,473.371,498.378
465.404,488.596,476.460,482.276,484.530,474.008,489.340,500.804,492.286,490.987
485.348,494.990,486.117,496.481,487.697,480.424,478.809,463.674,482.539,493.788
527.787,486.561,509.151,486.747,492.348,468.969,477.412,485.420,528.869,516.214
484.219,468.483,486.276,496.444,495.241,484.937,497.248,487.039,474.513,481.318
488.069,488.302,480.867,492.086,477.414,481.270,507.852,476.585,467.617,490.229
516.873,492.496,486.390,482.487,471.508,494.424,491.325,486.450,499.891,477.454
478.127,485.554,498.581,494.315,491.335,501.623,477.298,486.153,489.530,474.348
476.868,485.213,505.701,492.538,482.373,508.707,490.648,473.591,481.556,484.156
488.733,499.038,478.410,482.828,482.407,477.813,498.474,463.531,489.461,479.988
498.523,492.357,478.962,476.975,481.080,478.857,473.466,492.408,468.664,476.662
490.909,485.469,489.918,491.297,478.167,478.008,481.302,498.994,493.517,483.039
471.770,480.156,494.974,461.214,493.746,494.993,475.076,478.675,511.856,484.126
487.186,497.209,508.629,524.276,482.428,514.787,474.360,485.941,475.563,461.640
492.427,494.361,521.001,496.688,485.907,471.452,524.854,510.925,483.728,467.582
485.428,495.215,482.974,473.812,473.840,490.628,487.350,498.311,476.152,497.339
502.932,464.700,490.143,490.139,506.341,499.743,515.217,504.837,487.556,465.615
473.537,489.801,479.519,479.140,512.233,478.541,478.877,488.848,483.140,472.876
508.533,502.053,468.644,486.950,495.296,518.185,529.116,480.886,513.497,495.769
505.638,497.511,471.483,501.012,476.013,483.391,482.273,490.732,492.743,481.255
490.775,485.044,498.667,480.625,489.829,507.751,477.159,488.203,478.532,503.670
496.687,513.689,482.107,479.938,459.626,492.633,513.272,482.213,493.396,492.844
480.697,507.759,476.428,504.740,493.267,496.385,515.689,491.045,481.284,493.522
487.022,501.803,482.769,493.578,528.596,495.755,476.322,496.043,474.581,488.484
508.223,490.780,474.115,482.324,480.629,486.393,496.980,481.358,475.621,488.969
490.248,483.034,482.200,473.955,493.113,488.155,490.706,500.338,501.942,518.101
479.104,481.461,476.470,484.434,509.266,462.871,491.597,508.760,493.447,480.773
514.794,489.727,498.693,477.298,476.550,518.182,480.680,482.044,488.465,480.084
479.999,491.337,485.034,471.961,487.106,482.667,503.339,494.827,518.888,472.170
483.968,486.682,486.136,488.716,490.713,476.270,477.545,477.817,486.340,479.272
475.077,482.861,495.683,472.370,492.497,479.208,514.528,468.974,475.787,489.533
485.610,480.785,496.660,498.956,491.804,485.358,503.069,471.077,468.297,495.975
482.476,486.791,492.623,475.007,488.056,473.590,496.833,498.506,492.120,510.544
533.744,491.537,500.605,482.003,470.981,490.042,491.778,497.748,469.662,478.291
483.448,487.316,478.831,490.654,481.711,503.532,477.223,489.661,485.297,472.744
483.344,496.999,490.894,476.953,494.307,477.985,474.333,503.687,488.186,478.440
508.671,482.426,477.669,529.576,504.382,480.639,467.734,469.403,494.321,473.688
505.471,499.876,477.200,489.949,476.886,516.929,485.638,473.035,487.710,474.644
517.595,487.557,496.854,474.366,509.880,470.667,499.661,492.823,473.847,487.528
465.761,504.995,486.364,512.546,484.531,522.910,482.309,496.709,480.687,493.866
479.174,485.762,490.937,470.231,493.837,482.411,483.750,491.436,487.758,483.129
487.794,484.322,483.182,481.964,478.894,482.938,467.021,492.794,472.934,497.789
512.194,477.856,488.230,488.446,494.342,487.765,487.238,482.053,477.811,477.317
491.627,484.423,490.577,474.399,479.705,492.413,486.474,489.332,492.141,494.325
485.637,520.958,497.301,487.250,467.859,487.932,519.722,477.304,481.709,479.578
476.015,503.861,489.400,503.903,490.527,479.116,480.048,490.934,495.767,479.244
485.083,489.617,476.745,493.217,488.019,490.015,487.332,475.149,473.646,482.032
492.239,480.377,486.321,518.252,474.051,473.333,485.149,485.703,470.326,491.473
494.849,487.494,488.003,481.423,486.359,505.029,496.439,470.597,454.442,498.161
495.959,482.327,478.464,473.798,481.193,486.297,501.404,471.851,495.176,485.294
478.501,522.037,477.632,500.326,503.397,477.525,488.738,488.354,489.428,497.780
477.733,480.156,493.993,496.207,490.475,522.081,482.859,473.039,465.260,490.965
466.943,487.582,501.172,478.530,497.724,475.465,493.576,489.093,459.532,468.212
494.773,493.001,460.608,526.887,479.762,511.912,496.268,493.171,511.386,458.497
517.402,486.223,502.929,474.435,501.868,492.732,488.625,469.476,497.963,466.507
470.153,476.179,478.461,502.806,493.542,482.586,475.098,488.920,488.632,484.050
500.929,520.599,531.580,475.690,505.664,492.212,481.262,466.690,495.833,476.279
483.287,525.939,478.954,484.326,464.345,470.440,478.338,463.814,472.073,493.208
463.772,522.628,481.972,505.946,474.719,497.017,470.814,481.110,488.021,480.019
524.086,477.940,505.696,497.761,471.478,486.746,499.131,464.532,505.962,483.178
497.086,473.310,465.366,456.271,476.270,478.876,498.965,479.774,474.539,472.923
464.926,468.638,497.055,499.621,493.095,476.633,462.618,477.279,467.747,519.386
509.310,463.355,466.454,464.901,487.537,468.478,503.250,492.869,518.627,479.369
465.790,491.099,488.428,468.120,478.847,478.467,468.102,468.260,476.657,473.033
476.594,466.499,485.876,463.031,505.854,462.112,468.661,520.460,486.347,475.749
480.370,464.316,469.151,465.074,479.971,482.822,498.763,472.467,461.669,482.396
493.864,496.671,489.253,514.573,471.378,480.562,480.441,484.496,488.464,468.677
499.145,485.650,471.611,478.849,483.022,495.700,501.418,486.136,507.164,494.115
477.807,505.426,482.030,496.555,477.656,461.736,498.532,521.750,493.673,471.087
468.551,487.218,467.274,500.415,497.434,468.689,503.250,488.253,469.378,483.105
475.206,491.058,468.446,492.562,484.134,485.411,480.885,476.183,484.358,505.458
469.485,523.155,486.177,476.609,481.958,483.322,487.770,492.696,496.120,514.789
502.423,480.902,475.755,479.516,467.021,492.506,485.006,482.114,476.856,491.385
459.372,496.172,471.061,496.926,485.102,462.402,485.728,484.542,488.865,469.320
460.254,484.159,473.547,479.073,478.340,515.134,494.687,470.513,503.183,480.874
489.824,503.813,467.225,498.027,490.887,458.125,461.756,483.745,473.308,471.337
484.505,472.779,486.821,473.899,500.826,491.307,470.534,494.692,500.030,510.168
455.718,461.657,484.124,491.268,474.676,469.152,481.827,479.676,489.120,495.210
484.679,456.430,466.625,462.336,491.911,482.900,470.414,482.168,499.112,500.275
472.622,502.390,490.121,472.603,505.167,474.222,483.459,464.416,479.369,491.243
459.314,476.870,460.919,474.874,478.981,479.229,508.525,464.949,484.830,471.903
484.729,461.701,478.216,472.658,493.530,493.853,466.490,482.412,464.232,482.668
480.927,486.664,472.918,483.286,497.393,504.328,460.342,487.604,487.308,475.340
487.297,456.658,469.892,473.141,491.569,520.444,464.083,463.320,477.981,488.633
485.834,470.495,474.269,482.762,478.230,500.787,501.401,491.673,487.856,484.654
506.389,482.958,479.840,504.176,466.758,520.000,486.927,475.377,459.259,482.168
492.117,477.029,496.295,472.046,483.895,516.414,472.382,479.349,484.074,477.338
472.167,481.090,480.897,465.361,490.964,512.669,478.922,519.605,471.174,480.925
466.642,494.331,478.718,475.358,513.706,504.878,504.513,503.403,488.923,510.364
491.580,469.178,472.984,482.636,481.612,489.040,480.943,478.625,476.607,462.156
484.261,468.293,489.601,487.375,518.237,464.647,484.329,475.634,476.621,479.358
476.337,477.537,502.087,488.019,498.586,493.900,494.653,490.692,483.594,480.660
486.534,488.100,490.015,461.611,479.059,482.664,481.576,490.594,518.755,495.157
492.465,468.228,474.000,484.721,486.478,483.845,488.984,487.607,479.393,487.766
470.205,483.051,489.300,479.284,480.344,482.874,487.335,461.519,486.339,501.996
483.098,473.606,484.491,463.618,478.391,460.847,495.611,493.676,465.350,477.667
469.313,487.277,495.038,471.786,476.254,469.952,471.023,490.520,500.408,478.528
464.526,486.084,486.135,484.203,484.899,486.364,485.566,497.293,485.859,466.732
463.852,496.892,466.450,472.036,466.167,485.412,484.651,468.518,510.468,489.992
486.393,489.777,486.317,484.401,501.167,492.689,466.218,484.358,485.994,504.152
473.971,466.872,473.414,483.335,477.086,481.029,487.812,493.721,479.917,482.676
483.960,481.514,482.982,501.983,487.637,501.931,469.561,489.791,475.769,484.659
490.284,462.693,478.689,489.460,469.039,464.746,465.272,483.629,499.467,462.788
491.351,482.729,485.298,478.519,484.076,481.759,471.165,465.733,493.296,472.355
487.736,470.174,511.546,461.558,485.120,479.763,486.270,475.177,518.353,455.750
493.943,493.594,489.194,486.917,490.896,477.000,474.433,486.305,497.649,481.857
496.237,498.832,487.682,482.967,469.776,481.500,474.490,492.491,477.279,497.826
496.958,463.258,512.403,487.075,470.018,466.014,477.631,487.292,477.020,484.124
488.515,480.048,469.790,476.980,470.099,482.231,485.664,477.695,470.020,493.853
482.721,489.081,486.137,478.479,476.527,496.709,475.224,469.050,476.106,491.024
521.554,488.651,480.374,458.705,485.844,501.368,489.535,500.107,462.698,485.354
479.232,486.429,484.951,465.777,469.481,499.541,470.645,479.341,487.428,489.489
494.657,482.957,459.654,474.236,484.218,518.350,474.183,481.858,479.458,472.107
475.031,471.111,490.766,481.269,483.080,496.648,480.609,486.948,460.186,487.303
491.233,466.914,503.324,481.774,466.500,468.531,479.033,509.748,496.390,497.932
485.397,462.533,466.078,473.150,494.619,475.045,490.838,474.645,486.801,484.918
478.759,485.743,468.443,484.302,505.763,483.909,487.122,491.893,490.214,487.691
467.310,461.738,467.124,495.572,477.549,475.219,476.475,462.202,470.986,519.087
499.730,499.157,480.929,470.605,504.193,485.778,461.540,510.542,463.205,477.273
473.043,479.811,493.066,463.366,485.861,479.559,477.299,482.400,470.775,482.937
519.024,471.857,478.462,468.742,471.605,482.046,468.703,466.013,506.260,486.355
492.142,481.032,495.683,478.843,493.373,465.383,485.372,470.006,480.696,482.577
453.636,481.574,502.128,494.273,499.192,475.784,463.813,472.914,482.200,473.979
476.402,485.707,499.052,494.639,484.853,481.950,513.510,466.887,488.649,493.309
483.532,487.079,491.815,487.865,492.824,468.160,473.001,480.586,490.015,464.002
489.598,461.086,481.187,478.138,485.557,466.841,482.382,470.508,483.889,489.860
474.120,467.205,484.884,478.487,481.533,499.744,479.983,474.586,489.793,483.979
493.356,524.467,469.686,492.479,484.837,496.488,466.416,466.399,471.999,497.648
469.840,466.719,497.277,475.910,481.619,486.491,481.450,478.091,480.628,487.576
480.256,486.224,485.009,495.589,490.113,502.075,481.285,482.690,481.853,517.032
475.241,485.700,474.684,487.806,485.570,499.178,492.183,492.437,517.312,491.549
484.974,492.447,498.873,465.467,464.405,498.280,474.865,463.296,470.137,474.768
499.158,474.832,464.223,516.820,470.411,474.179,486.364,508.591,469.015,492.135
476.893,518.739,487.565,475.056,460.502,476.354,499.542,500.364,471.919,486.432
