507.185,463.607,479.873,464.281,481.330,460.799,494.154,464.532,480.919,465.052
469.718,521.620,506.149,463.506,487.233,484.386,460.719,451.781,476.538,521.451
464.972,462.948,491.792,466.106,459.102,504.608,498.489,453.121,470.659,452.651
470.025,511.618,522.674,470.986,471.852,468.168,484.966,490.321,515.592,519.283
463.662,469.134,484.302,455.919,464.088,488.808,494.352,492.908,484.230,474.955
491.052,465.071,481.414,479.671,515.332,462.362,489.961,470.918,500.772,461.237
501.609,476.339,458.228,485.406,481.286,462.963,476.562,473.069,478.857,476.455
472.862,502.379,506.265,475.546,463.267,504.377,494.013,462.351,464.722,464.176
527.399,479.869,483.392,485.398,492.992,477.167,476.581,459.786,464.014,505.794
510.185,486.935,458.783,524.462,502.260,480.130,473.377,477.155,472.234,473.797
464.834,486.876,484.995,467.669,480.321,518.860,494.960,515.661,493.984,461.253
485.758,480.689,469.079,463.341,479.782,506.900,484.060,489.595,463.996,473.450
461.893,466.303,493.994,504.722,473.909,479.022,478.393,451.068,483.178,468.619
480.909,487.959,458.887,463.476,482.026,465.883,462.963,467.602,476.317,495.648
485.576,486.557,490.554,472.489,486.203,484.193,473.328,465.481,470.303,482.142
483.839,469.279,468.438,492.108,498.878,511.235,490.522,485.268,464.597,456.295
479.155,483.447,462.767,490.354,512.989,478.596,460.144,454.507,481.075,474.810
465.966,481.505,490.712,467.006,465.965,472.554,474.375,458.491,462.288,492.059
492.772,520.987,469.608,495.545,478.960,458.946,473.481,489.115,513.794,462.380
459.716,454.352,456.596,500.862,458.377,517.213,453.917,460.613,461.586,464.095
491.903,521.373,496.345,471.408,486.324,454.212,465.276,479.214,526.281,485.784
468.530,509.799,481.161,454.641,453.031,454.434,475.391,493.109,454.919,459.990
461.028,454.813,449.809,456.118,453.923,487.411,459.786,483.598,467.610,468.473
501.497,484.621,482.783,461.203,491.931,478.762,456.193,472.726,505.392,464.425
521.859,467.573,475.595,450.579,472.776,493.836,474.537,457.441,462.142,448.711
473.293,464.377,470.301,481.207,487.091,498.384,488.432,476.355,476.200,481.780
476.657,514.030,462.615,496.451,488.125,475.404,457.121,490.745,471.136,476.101
459.737,478.277,477.201,482.583,466.055,459.271,454.978,475.937,472.871,458.036
516.549,517.736,466.467,475.751,496.484,491.866,494.869,462.306,511.259,471.248
474.903,471.147,463.627,457.083,484.234,463.216,447.326,503.560,470.044,484.346
460.581,456.264,460.102,506.288,474.862,462.652,494.229,477.596,455.324,483.211
454.404,466.910,475.678,463.091,478.742,467.859,480.174,480.911,507.120,504.437
486.205,458.124,474.883,464.702,513.954,482.337,473.206,455.333,492.783,488.614
454.491,452.610,472.325,468.367,474.124,462.963,465.824,482.260,492.169,460.384
462.041,465.138,459.922,456.332,470.731,458.369,490.241,504.839,478.797,489.171
481.804,460.429,458.085,470.341,469.466,473.102,482.858,468.221,491.559,488.048
500.510,489.401,454.582,465.356,489.586,461.231,451.492,522.933,489.320,468.994
501.550,446.300,478.881,471.326,477.340,455.993,473.094,486.069,524.068,475.033
461.223,465.231,460.505,463.771,462.593,480.476,467.871,462.837,479.637,473.797
479.687,471.473,493.266,466.008,501.435,514.706,477.494,447.084,475.685,471.107
474.068,456.147,493.289,475.291,474.471,479.105,451.303,451.020,461.291,472.696
476.221,471.343,439.422,457.977,447.529,473.426,463.150,474.200,487.213,463.291
452.962,492.833,481.831,466.756,463.798,462.117,499.279,465.760,454.404,481.053
477.615,456.123,460.037,467.804,470.914,489.205,461.759,457.525,474.554,456.214
467.544,465.433,513.541,447.087,472.729,485.525,458.757,473.671,455.156,494.887
483.056,463.635,479.274,484.773,464.642,477.602,473.987,489.882,469.413,479.720
465.079,487.766,468.557,473.273,454.467,473.201,469.987,484.393,461.958,461.888
453.949,467.543,451.113,452.065,467.400,471.866,463.201,494.548,505.748,483.694
499.737,470.315,485.566,462.963,461.614,468.261,468.615,475.960,506.231,455.850
487.817,454.437,490.905,478.716,468.608,474.528,493.484,462.325,465.268,503.076
495.567,489.862,458.549,455.595,458.447,481.621,491.114,474.344,479.199,477.078
478.421,486.358,473.859,461.387,477.249,490.042,472.882,485.153,455.363,466.004
481.890,460.240,474.342,457.878,466.285,456.803,486.436,455.238,477.318,473.107
472.015,467.029,522.194,506.447,517.081,456.848,451.359,518.872,464.569,483.687
455.705,474.736,479.932,470.344,444.264,492.427,479.622,448.779,485.738,491.810
503.949,503.034,478.430,470.978,479.257,450.055,459.738,466.823,453.297,478.894
461.992,469.848,493.088,463.453,484.047,483.341,462.249,483.670,480.731,463.870
461.041,519.188,473.620,473.262,467.780,503.304,464.115,478.033,465.687,500.308
483.953,486.630,517.508,487.792,480.698,468.145,481.335,475.148,503.908,478.899
465.127,470.562,472.584,459.858,455.758,464.107,486.743,495.744,478.751,473.909
483.776,459.855,454.884,470.143,459.420,480.140,506.271,461.880,478.965,475.299
474.884,471.994,484.292,455.804,475.165,473.481,489.638,490.332,473.650,476.152
466.266,478.657,479.820,463.608,473.913,495.870,456.921,482.608,475.357,468.725
473.923,470.291,485.248,456.520,464.784,465.673,487.716,480.642,453.754,460.311
455.497,482.057,466.397,520.635,454.225,467.695,474.292,466.499,477.635,477.983
455.532,460.241,459.674,479.940,478.920,453.014,462.428,469.904,497.244,464.307
461.047,471.216,473.209,472.733,485.522,485.707,472.479,449.280,456.774,442.994
460.561,478.656,456.308,484.334,461.860,498.577,496.570,506.402,475.065,477.419
461.256,481.585,475.667,459.665,518.041,458.323,496.036,481.677,472.888,456.385
463.791,485.636,471.412,464.063,469.375,473.864,468.395,471.229,475.855,473.628
458.473,471.867,481.728,473.418,461.804,454.921,474.540,470.257,489.708,478.509
457.081,459.858,479.258,465.549,449.145,484.891,482.625,465.803,486.453,465.551
472.966,504.422,461.790,469.233,455.903,472.651,476.966,479.203,496.108,479.523
505.707,467.917,455.079,448.146,481.702,469.071,479.090,484.411,464.444,475.370
488.973,502.137,458.441,469.193,461.628,479.204,469.294,479.919,463.021,465.681
483.827,517.599,472.331,465.232,472.047,465.906,474.572,464.198,483.749,482.092
470.661,500.266,455.582,482.782,479.297,477.935,484.725,460.443,460.984,489.328
462.452,476.275,483.155,464.909,468.335,460.881,491.446,472.206,507.962,488.978
455.296,464.622,475.931,475.037,499.596,472.748,458.323,499.243,480.071,490.401
488.813,523.459,461.415,479.893,460.172,461.234,454.950,480.818,480.758,494.603
480.527,455.995,438.762,470.590,474.519,460.548,482.415,471.417,477.600,489.407
474.284,490.602,493.191,468.863,457.892,473.689,492.124,461.568,475.219,508.509
472.280,477.598,482.862,499.458,483.079,508.534,479.508,466.096,496.118,463.519
491.341,497.516,460.785,498.944,479.588,464.860,485.528,518.899,483.616,467.585
473.176,457.387,465.592,488.435,478.146,469.804,462.036,464.054,454.877,481.999
466.474,471.646,461.759,472.277,460.479,471.167,480.964,475.647,464.552,479.020
456.032,476.477,452.670,456.423,468.171,482.189,479.807,486.595,464.127,487.755
467.774,495.133,449.034,456.737,492.046,462.987,479.230,471.232,455.966,469.175
462.861,489.239,496.284,498.773,475.651,503.783,477.648,482.215,464.260,484.861
488.831,477.137,488.475,475.665,448.381,460.759,493.542,520.862,461.385,472.880
460.943,505.522,459.703,462.413,515.856,459.427,458.623,466.564,460.209,472.829
503.150,456.964,454.455,456.078,456.041,499.180,528.983,466.482,472.700,502.565
460.864,460.291,503.965,489.122,457.105,469.315,480.857,474.365,459.357,468.856
462.209,467.729,469.013,479.544,481.718,455.651,475.857,457.404,503.610,481.230
471.778,500.191,473.581,510.768,460.844,481.596,480.970,464.283,458.193,460.251
458.853,511.572,486.148,486.007,455.227,474.127,493.920,454.067,479.096,479.052
468.985,494.121,474.552,467.148,499.991,527.958,484.966,473.693,463.287,477.681
473.953,465.211,455.111,464.394,476.724,519.110,470.991,473.539,490.448,464.917
502.462,474.785,491.394,467.072,450.283,485.499,482.534,454.426,470.350,509.267
485.648,507.641,473.154,522.466,468.145,454.649,461.347,484.721,460.057,464.853
515.057,490.812,467.015,461.052,481.194,466.611,474.486,467.370,491.845,484.189
466.787,473.669,460.701,450.332,469.742,466.341,470.582,495.575,483.084,521.251
460.048,483.143,483.469,456.911,463.650,477.202,499.644,500.471,484.215,488.926
467.744,460.904,455.378,481.045,471.681,499.383,520.091,496.477,482.640,459.346
464.635,483.304,458.222,480.660,478.108,482.271,487.127,465.304,456.106,459.664
456.788,476.647,465.202,489.006,481.985,470.869,476.495,485.111,467.045,470.293
503.119,476.512,501.661,502.411,501.465,476.545,460.941,496.447,493.158,481.289
455.140,477.783,453.402,473.341,461.041,474.973,478.461,489.045,460.613,468.467
477.327,461.153,490.072,452.642,473.646,489.862,458.567,458.368,475.806,461.664
477.848,464.138,479.452,465.898,482.856,444.187,471.350,456.178,471.730,462.563
489.525,456.012,456.200,479.597,499.232,474.699,464.751,491.254,511.168,470.798
492.215,472.720,480.039,483.336,467.069,479.445,469.099,474.975,496.636,486.282
454.989,469.942,476.819,457.590,505.698,460.340,456.546,485.201,478.362,465.834
475.283,481.193,463.074,471.574,465.298,469.930,501.141,477.545,459.586,472.697
461.451,486.043,464.808,498.069,490.896,483.082,463.529,491.718,461.919,477.541
495.422,466.576,454.587,488.741,473.763,465.298,485.498,467.326,462.412,471.063
480.714,499.917,482.678,459.750,477.148,475.907,517.904,466.631,455.536,462.276
449.114,474.705,464.281,480.364,504.142,481.748,456.970,454.455,460.899,452.123
489.438,458.613,462.971,485.664,455.453,464.131,492.029,455.864,464.044,499.946
466.721,466.645,477.857,468.081,511.946,484.218,468.534,482.215,460.700,464.130
497.014,459.358,474.744,459.118,455.079,518.268,476.489,464.110,461.203,476.746
490.748,458.767,465.888,455.417,481.568,470.712,471.611,477.548,515.372,463.600
472.610,487.811,470.834,479.705,453.133,464.547,475.420,467.497,461.467,500.654
465.396,513.112,458.673,460.177,468.961,498.677,508.321,471.086,492.288,478.777
489.915,474.528,475.643,460.699,476.394,475.916,482.122,474.970,480.171,462.141
474.189,463.271,482.935,465.103,477.393,463.210,475.330,468.056,480.106,513.896
463.517,489.609,464.750,483.850,476.857,491.967,523.902,458.190,493.111,472.597
473.373,459.786,449.543,522.845,471.075,475.902,495.450,492.696,513.030,472.587
473.056,479.922,488.791,464.676,481.032,478.927,467.375,460.031,496.629,456.952
465.966,468.089,483.684,466.871,454.339,471.228,462.883,465.800,468.551,465.153
491.688,467.736,492.989,457.093,503.986,482.757,531.793,493.377,484.124,477.771
458.219,467.959,484.597,480.650,469.431,465.287,468.004,518.726,474.436,453.308
486.309,471.592,454.757,479.473,467.982,460.471,473.898,498.672,485.499,464.168
473.297,475.100,480.140,512.598,460.717,463.248,457.731,463.751,502.232,466.196
462.145,474.509,475.455,463.791,482.335,495.181,476.750,470.127,482.149,514.354
484.036,478.766,461.635,455.985,472.792,467.760,460.532,470.344,483.101,482.452
469.801,464.797,462.696,487.861,473.930,475.506,467.542,455.659,455.275,483.582
461.367,473.643,481.540,477.473,477.710,452.355,485.075,466.330,457.108,469.889
470.247,488.910,491.192,454.161,498.072,465.958,491.345,468.193,486.130,475.352
516.062,480.464,456.549,488.322,465.443,478.914,491.551,459.781,474.463,460.017
460.058,476.530,492.395,487.166,488.131,465.616,474.864,465.443,472.437,507.987
488.085,463.150,485.668,502.003,504.699,487.577,484.713,491.058,483.789,487.653
457.162,474.650,508.687,491.553,459.965,472.808,489.587,468.182,462.493,493.134
481.784,456.049,498.281,508.056,479.582,461.759,472.278,489.231,470.093,493.812
480.285,466.256,520.260,491.360,509.024,469.273,481.235,485.649,458.159,469.517
485.490,474.284,510.092,461.119,493.749,463.642,476.013,457.072,470.938,481.294
472.970,479.235,474.723,463.308,497.071,473.666,461.333,495.709,475.534,493.508
464.748,462.869,480.949,482.605,481.654,481.014,462.645,458.193,467.229,489.178
517.155,472.813,469.169,457.771,482.656,483.005,481.566,474.076,462.869,473.110
456.509,493.395,475.458,491.457,485.277,484.452,478.861,459.275,481.342,487.563
486.416,460.632,488.178,474.992,464.442,490.495,479.476,477.863,475.145,476.729
466.987,460.692,452.826,457.433,465.443,466.890,481.072,460.620,467.865,477.015
476.846,458.579,464.049,468.656,475.253,485.501,487.513,477.060,484.140,477.445
469.840,483.906,460.502,504.619,480.256,469.879,452.489,489.594,459.813,465.258
460.843,476.539,498.834,521.697,457.377,480.928,473.052,472.186,477.209,480.346
464.407,465.583,478.392,472.668,482.922,474.707,460.224,486.022,454.842,478.919
479.890,484.126,515.843,459.227,462.017,471.123,496.763,467.544,460.505,474.736
474.308,470.340,472.004,479.955,480.802,484.114,480.708,474.403,483.725,459.739
466.383,465.017,469.192,464.838,499.760,481.599,470.134,459.249,466.334,483.649
491.108,499.180,483.277,467.261,484.437,468.400,457.429,461.608,467.252,478.057
457.121,463.855,474.134,464.720,460.880,477.367,473.517,483.726,457.110,491.651
507.921,474.949,473.799,453.163,496.661,472.279,468.849,500.652,487.674,474.522
489.836,469.052,506.092,503.424,466.025,472.568,475.787,460.192,486.997,464.657
476.370,463.031,492.815,451.541,456.342,471.006,471.787,490.205,472.688,515.588
478.168,518.429,471.194,474.460,457.253,508.087,481.879,498.952,455.449,487.755
479.635,492.656,485.645,451.224,480.949,461.184,458.301,462.736,464.539,439.417
455.987,468.422,475.775,456.150,478.522,477.776,474.691,468.281,514.301,487.722
491.220,472.115,465.382,468.169,454.610,456.448,473.409,469.763,457.242,499.013
457.370,460.999,461.914,517.779,467.565,479.281,489.956,475.051,449.278,470.951
508.365,467.997,494.861,468.026,472.368,462.724,462.620,480.608,493.721,459.393
463.414,486.359,474.347,483.083,469.934,455.417,493.501,472.059,479.657,470.148
482.779,483.487,459.400,468.014,453.662,459.655,490.865,481.074,479.541,502.929
451.936,453.958,483.103,489.004,471.118,452.744,468.253,489.772,464.271,482.634
464.185,466.349,514.708,470.370,457.800,491.139,467.441,462.452,473.502,482.626
460.341,463.704,457.952,499.794,490.841,489.096,478.040,456.382,483.028,473.987
461.250,471.324,459.227,458.538,474.744,462.310,485.995,478.651,504.993,471.618
497.960,466.160,461.041,446.991,466.660,469.853,465.443,476.157,460.008,466.562
487.999,477.635,459.455,469.409,476.663,465.290,457.634,466.475,466.606,461.043
455.189,458.678,479.613,459.087,475.455,483.161,459.115,462.190,466.415,488.428
492.597,463.989,495.885,483.190,470.037,490.863,483.231,510.187,461.612,486.904
477.711,477.748,505.630,472.872,477.893,462.717,462.484,469.817,452.212,460.356
479.272,489.970,457.847,477.128,468.236,463.405,456.122,455.610,487.555,467.409
463.128,470.640,507.997,450.602,460.957,495.515,472.972,462.241,503.875,467.595
483.301,466.365,463.798,481.619,530.856,514.601,461.703,471.471,450.070,473.547
462.107,463.681,454.836,464.944,482.834,451.670,456.400,460.520,472.042,483.759
462.869,462.542,453.029,481.215,465.103,474.228,473.721,457.621,477.681,481.438
475.935,487.213,474.761,496.609,462.039,460.635,461.519,525.283,516.022,484.710
479.320,475.769,479.377,494.012,478.787,457.809,468.264,472.493,464.629,466.843
459.863,498.503,478.374,498.054,450.529,468.975,466.573,500.519,463.510,462.482
471.402,472.508,499.504,468.458,457.241,457.349,475.665,512.553,488.051,491.688
489.343,481.405,456.656,457.334,488.125,470.270,494.022,492.599,463.418,460.605
487.962,464.778,470.420,475.124,448.803,482.956,472.008,468.982,467.678,518.517
474.108,484.838,520.252,464.160,477.100,460.209,466.753,461.843,493.352,497.964
474.441,487.406,474.748,473.938,467.849,471.495,464.099,480.692,460.724,464.104
461.105,462.110,450.637,469.056,453.920,477.427,464.444,529.835,476.125,459.910
486.422,475.969,462.684,470.972,519.643,451.296,447.446,459.403,461.222,483.717
475.986,478.089,439.967,479.978,469.076,479.411,461.770,490.181,504.782,464.377
457.878,501.712,488.437,512.664,487.805,460.302,475.258,462.409,501.043,469.047
449.321,459.419,469.840,482.450,462.690,478.830,477.106,469.900,500.397,452.666
456.837,479.356,460.756,491.986,464.612,471.132,480.425,462.523,503.685,461.485
485.364,484.954,473.788,471.498,507.083,490.351,480.138,471.417,465.559,497.278
494.499,488.613,493.684,451.625,469.507,470.806,473.450,481.759,460.700,484.633
475.223,460.449,500.248,515.261,475.838,460.950,464.056,455.264,453.179,459.558
475.106,497.433,491.024,477.465,448.436,473.417,483.128,470.791,498.928,489.060
465.425,476.635,491.484,449.414,474.760,495.443,477.525,458.301,486.346,461.764
468.994,482.460,483.838,477.063,458.721,494.888,470.434,468.363,458.522,459.248
457.647,491.303,478.892,498.881,518.876,478.009,467.610,479.007,487.167,492.767
510.933,473.810,465.923,476.946,475.357,461.936,465.606,472.646,475.774,469.419
490.613,519.821,466.252,481.441,474.914,516.301,475.317,476.302,487.058,481.203
496.418,472.860,462.177,474.696,497.698,478.748,466.551,473.712,515.261,452.262
482.185,467.988,488.523,524.104,478.186,481.206,480.274,460.589,482.146,519.927
490.266,487.841,472.260,470.405,482.623,517.547,446.496,479.918,485.833,464.179
458.424,493.813,467.455,504.232,484.617,500.825,476.793,460.854,493.152,455.526
514.375,463.911,474.631,469.309,513.821,471.324,495.307,463.947,489.114,461.279
516.360,460.364,465.072,498.469,449.851,456.890,470.315,460.209,474.570,473.213
453.277,494.251,508.952,467.495,459.532,514.757,486.426,470.729,460.679,486.972
508.442,462.585,485.418,496.825,480.585,459.240,516.726,483.821,463.382,495.803
457.608,475.621,463.559,500.717,477.144,461.884,469.062,481.879,470.906,465.317
479.349,490.508,465.638,487.931,475.908,485.556,472.374,459.786,458.238,479.672
476.430,447.817,478.465,474.777,460.245,488.951,461.222,479.440,488.839,473.899
458.030,455.610,518.093,465.864,511.458,465.970,488.708,479.036,472.406,478.596
454.347,483.133,483.678,490.311,467.118,477.158,462.410,500.359,474.224,465.899
467.605,463.189,463.279,481.565,465.245,497.793,456.612,491.264,480.880,486.237
467.646,497.647,463.458,487.616,470.029,503.526,488.655,474.500,470.222,455.946
453.282,460.782,459.192,454.925,477.877,463.811,452.724,457.676,495.104,477.776
485.297,468.183,460.592,477.687,469.227,460.469,483.047,467.035,469.601,452.601
469.325,477.150,459.143,455.902,471.411,481.206,463.586,456.808,459.381,469.216
455.413,477.505,463.939,476.177,496.299,491.716,475.029,461.787,471.767,450.171
462.104,469.473,469.107,469.897,463.449,485.432,526.205,468.758,480.878,482.342
473.724,454.108,457.502,473.814,470.624,476.329,456.050,461.382,464.286,484.438
471.678,443.385,489.940,486.397,468.489,463.267,462.040,524.305,470.460,473.095
477.777,484.855,478.693,459.528,476.233,465.120,464.380,491.460,465.193,475.778
459.875,473.006,487.002,482.473,493.982,469.547,465.825,479.603,461.307,468.695
450.644,457.652,469.818,491.958,484.252,461.416,475.081,462.968,498.156,482.131
464.513,484.534,459.387,485.688,479.543,479.467,506.271,474.194,491.767,464.615
454.971,473.768,481.816,465.081,493.412,469.098,479.530,466.208,480.112,468.916
454.623,522.776,465.258,447.992,474.619,490.727,486.248,466.434,481.123,472.768
477.789,458.587,459.935,461.692,474.295,465.291,529.604,496.347,484.846,456.083
493.707,476.911,483.225,482.479,464.397,513.490,462.459,477.836,460.333,474.639
461.009,492.836,472.065,472.221,470.878,493.137,462.294,470.362,457.223,492.428
481.107,464.449,470.389,457.185,514.194,513.810,485.331,464.289,465.905,465.881
478.520,479.566,459.431,502.014,476.406,464.220,464.075,471.318,472.677,487.467
456.334,485.201,488.893,469.570,460.313,475.118,466.303,480.100,481.776,479.974
475.822,453.020,486.594,462.765,475.315,481.537,485.817,498.460,467.318,461.860
460.804,481.223,505.562,462.356,467.168,467.765,453.020,475.667,490.088,467.809
475.543,520.750,478.927,500.361,462.414,465.403,523.282,459.601,488.409,460.207
478.318,474.710,473.568,465.172,470.192,470.248,457.153,521.580,526.208,476.756
517.354,480.555,487.997,477.442,456.945,481.389,484.874,463.885,476.499,457.611
463.628,473.870,465.008,481.056,470.931,471.623,464.399,463.875,478.647,452.731
460.939,513.179,476.588,467.210,497.992,513.639,481.905,457.334,456.865,477.033
