495.586,539.135,502.664,498.431,531.755,520.394,550.666,523.164,552.670,539.904
495.586,492.519,498.431,527.032,531.755,520.394,516.408,520.394,550.666,550.666
495.586,492.519,483.388,498.431,518.961,516.408,495.906,511.659,509.441,520.394
480.161,491.030,483.388,483.388,516.522,495.906,495.906,509.441,509.441,520.394
491.030,483.388,516.522,516.522,495.906,485.100,495.906,507.378,520.394,520.394
491.030,491.030,483.388,516.522,516.522,516.522,495.906,485.100,496.578,507.378
491.030,475.964,491.030,491.030,508.757,516.522,495.906,485.100,489.360,507.378
485.168,475.964,474.876,475.964,491.030,491.030,491.030,516.522,516.522,495.906
475.964,469.813,491.030,491.030,480.057,491.030,491.030,491.030,505.264,495.906
474.760,471.252,480.057,450.992,491.030,491.030,491.030,489.509,495.906,495.906
471.252,450.992,450.992,491.030,491.030,487.314,495.906,495.906,495.906,495.906
440.215,450.992,450.992,450.992,450.992,491.030,474.089,481.577,495.906,495.906
440.215,440.215,450.992,491.030,491.030,466.480,477.139,495.906,495.906,495.906
440.215,440.215,450.992,491.030,466.480,466.480,473.500,495.906,495.906,495.906
440.215,440.215,440.215,440.215,450.992,466.480,495.906,495.906,495.906,495.906
440.215,440.215,440.215,440.215,440.215,440.215,450.992,466.480,488.500,495.906
440.215,440.215,440.215,440.215,440.215,440.215,440.215,440.215,450.992,450.992
440.215,440.215,440.215,440.215,440.215,440.215,440.215,440.215,440.215,440.215
440.215,440.215,440.215,440.215,440.215,440.215,440.215,440.215,440.215,440.215
440.215,440.215,440.215,440.215,440.215,440.215,440.215,440.215,440.215,440.215
440.215,440.215,440.215,440.215,440.215,440.215,440.215,440.215,440.215,440.215
440.215,440.215,440.215,440.215,440.215,440.215,440.215,440.215,440.215,440.215
440.215,440.215,440.215,440.215,440.215,440.215,440.215,440.215,440.215,440.215
440.215,440.215,440.215,440.215,440.215,440.215,440.215,440.215,440.215,440.215
440.215,440.215,440.215,440.215,440.215,440.215,440.215,440.215,440.215,440.215
440.215,440.215,440.215,440.215,440.215,440.215,440.215,440.215,440.215,440.215
440.215,440.215,440.215,440.215,440.215,440.215,440.215,440.215,440.215,440.215
440.215,440.215,440.215,440.215,440.215,440.215,440.215,440.215,440.215,440.215
440.215,440.215,440.215,440.215,440.215,440.215,440.215,440.215,440.215,440.215
440.215,440.215,440.215,440.215,440.215,440.215,440.215,440.215,440.215,440.215
440.215,440.215,440.215,440.215,440.215,440.215,440.215,440.215,440.215,440.215
440.215,440.215,440.215,440.215,440.215,440.215,440.215,440.215,440.215,440.215
440.215,440.215,440.215,440.215,440.215,440.215,440.215,440.215,440.215,440.215
440.215,440.215,440.215,440.215,440.215,440.215,440.215,440.215,440.215,440.215
440.215,440.215,440.215,440.215,440.215,440.215,440.215,440.215,440.215,440.215
440.215,440.215,440.215,440.215,440.215,440.215,440.215,440.215,440.215,440.215
440.215,440.215,440.215,440.215,440.215,440.215,440.215,440.215,440.215,440.215
440.215,440.215,440.215,440.215,440.215,440.215,440.215,440.215,440.215,440.215
440.215,440.215,440.215,440.215,440.215,440.215,440.215,440.215,440.215,440.215
440.215,440.215,440.215,440.215,440.215,440.215,440.215,440.215,440.215,440.215
440.215,440.215,440.215,440.215,440.215,440.215,440.215,440.215,440.215,440.215
440.215,440.215,440.215,440.215,440.215,440.215,440.215,440.215,440.215,440.215
440.215,440.215,440.215,440.215,440.215,440.215,440.215,440.215,440.215,440.215
440.215,440.215,440.215,440.215,440.215,440.215,440.215,440.215,440.215,440.215
440.215,440.215,440.215,440.215,440.215,440.215,440.215,440.215,440.215,440.215
440.215,440.215,440.215,440.215,440.215,440.215,440.215,440.215,440.215,440.215
440.215,440.215,440.215,440.215,440.215,440.215,440.215,440.215,440.215,440.215
440.215,440.215,440.215,440.215,440.215,440.215,440.215,440.215,440.215,440.215
440.215,440.215,440.215,440.215,440.215,440.215,440.215,440.215,440.215,440.215
440.215,440.215,440.215,440.215,440.215,440.215,440.215,440.215,440.215,440.215
440.215,440.215,440.215,440.215,440.215,440.215,440.215,440.215,440.215,440.215
440.215,440.215,440.215,440.215,440.215,440.215,440.215,440.215,440.215,440.215
440.215,440.215,440.215,440.215,440.215,440.215,440.215,440.215,440.215,440.215
440.215,440.215,440.215,440.215,440.215,440.215,440.215,440.215,440.215,440.215
440.215,440.215,440.215,440.215,440.215,440.215,440.215,440.215,440.215,440.215
440.215,440.215,440.215,440.215,440.215,440.215,440.215,440.215,440.215,440.215
440.215,440.215,440.215,440.215,440.215,440.215,440.215,440.215,440.215,440.215
440.215,440.215,440.215,440.215,440.215,440.215,440.215,440.215,440.215,440.215
440.215,440.215,440.215,440.215,440.215,440.215,440.215,440.215,440.215,440.215
440.215,440.215,440.215,440.215,440.215,440.215,440.215,440.215,440.215,440.215
440.215,440.215,440.215,440.215,440.215,440.215,440.215,440.215,440.215,440.215
440.215,440.215,440.215,440.215,440.215,440.215,440.215,440.215,440.215,440.215
440.215,440.215,440.215,440.215,440.215,440.215,440.215,440.215,440.215,440.215
440.215,440.215,440.215,440.215,440.215,440.215,440.215,440.215,440.215,440.215
440.215,440.215,440.215,440.215,440.215,440.215,440.215,440.215,440.215,440.215
440.215,440.215,440.215,440.215,440.215,440.215,440.215,440.215,440.215,440.215
440.215,440.215,440.215,440.215,440.215,440.215,440.215,440.215,440.215,440.215
440.215,440.215,440.215,440.215,440.215,440.215,440.215,440.215,440.215,440.215
440.215,440.215,440.215,440.215,440.215,440.215,440.215,440.215,440.215,440.215
440.215,440.215,440.215,440.215,440.215,440.215,440.215,440.215,440.215,440.215
440.215,440.215,440.215,440.215,440.215,440.215,440.215,440.215,440.215,440.215
440.215,440.215,440.215,440.215,440.215,440.215,440.215,440.215,440.215,440.215
440.215,440.215,440.215,440.215,440.215,440.215,440.215,440.215,440.215,440.215
440.215,440.215,440.215,440.215,440.215,440.215,440.215,440.215,440.215,440.215
440.215,440.215,440.215,440.215,440.215,440.215,440.215,440.215,440.215,440.215
440.215,440.215,440.215,440.215,440.215,440.215,440.215,440.215,440.215,440.215
440.215,440.215,440.215,440.215,440.215,440.215,440.215,440.215,440.215,440.215
440.215,440.215,440.215,440.215,440.215,440.215,440.215,440.215,440.215,440.215
440.215,440.215,440.215,440.215,440.215,440.215,440.215,440.215,440.215,440.215
440.215,440.215,440.215,440.215,440.215,440.215,440.215,440.215,440.215,440.215
440.215,440.215,440.215,440.215,440.215,440.215,440.215,440.215,440.215,440.215
440.215,440.215,440.215,440.215,440.215,440.215,440.215,440.215,440.215,440.215
440.215,440.215,440.215,440.215,440.215,440.215,440.215,440.215,440.215,440.215
440.215,440.215,440.215,440.215,440.215,440.215,440.215,440.215,440.215,440.215
440.215,440.215,440.215,440.215,440.215,440.215,440.215,440.215,440.215,440.215
440.215,440.215,440.215,440.215,440.215,440.215,440.215,440.215,440.215,440.215
440.215,440.215,440.215,440.215,440.215,440.215,440.215,440.215,440.215,440.215
440.215,440.215,440.215,440.215,440.215,440.215,440.215,440.215,440.215,440.215
440.215,440.215,440.215,440.215,440.215,440.215,440.215,440.215,440.215,440.215
440.215,440.215,440.215,440.215,440.215,440.215,440.215,440.215,440.215,440.215
440.215,440.215,440.215,440.215,440.215,440.215,440.215,440.215,440.215,440.215
440.215,440.215,440.215,440.215,440.215,440.215,440.215,440.215,440.215,440.215
440.215,440.215,440.215,440.215,440.215,440.215,440.215,440.215,440.215,440.215
440.215,440.215,440.215,440.215,440.215,440.215,440.215,440.215,440.215,440.215
440.215,440.215,440.215,440.215,440.215,440.215,440.215,440.215,440.215,440.215
440.215,440.215,440.215,440.215,440.215,440.215,440.215,440.215,440.215,440.215
440.215,440.215,440.215,440.215,440.215,440.215,440.215,440.215,440.215,440.215
440.215,440.215,440.215,440.215,440.215,440.215,440.215,440.215,440.215,440.215
440.215,440.215,440.215,440.215,440.215,440.215,440.215,440.215,440.215,440.215
440.215,440.215,440.215,440.215,440.215,440.215,440.215,440.215,440.215,440.215
440.215,440.215,440.215,440.215,440.215,440.215,440.215,440.215,440.215,440.215
440.215,440.215,440.215,440.215,440.215,440.215,440.215,440.215,440.215,440.215
440.215,440.215,440.215,440.215,440.215,440.215,440.215,440.215,440.215,440.215
440.215,440.215,440.215,440.215,440.215,440.215,440.215,440.215,440.215,440.215
440.215,440.215,440.215,440.215,440.215,440.215,440.215,440.215,440.215,440.215
440.215,440.215,440.215,440.215,440.215,440.215,440.215,440.215,440.215,440.215
440.215,440.215,440.215,440.215,440.215,440.215,440.215,440.215,440.215,440.215
440.215,440.215,440.215,440.215,440.215,440.215,440.215,440.215,440.215,440.215
440.215,440.215,440.215,440.215,440.215,440.215,440.215,440.215,440.215,440.215
440.215,440.215,440.215,440.215,440.215,440.215,440.215,440.215,440.215,440.215
440.215,440.215,440.215,440.215,440.215,440.215,440.215,440.215,440.215,440.215
440.215,440.215,440.215,440.215,440.215,440.215,440.215,440.215,440.215,440.215
440.215,440.215,440.215,440.215,440.215,440.215,440.215,440.215,440.215,440.215
440.215,440.215,440.215,440.215,440.215,440.215,440.215,440.215,440.215,440.215
440.215,440.215,440.215,440.215,440.215,440.215,440.215,440.215,440.215,440.215
440.215,440.215,440.215,440.215,440.215,440.215,440.215,440.215,440.215,440.215
440.215,440.215,440.215,440.215,440.215,440.215,440.215,440.215,440.215,440.215
440.215,440.215,440.215,440.215,440.215,440.215,440.215,440.215,440.215,440.215
440.215,440.215,440.215,440.215,440.215,440.215,440.215,440.215,440.215,440.215
440.215,440.215,440.215,440.215,440.215,440.215,440.215,440.215,440.215,440.215
440.215,440.215,440.215,440.215,440.215,440.215,440.215,440.215,440.215,440.215
440.215,440.215,440.215,440.215,440.215,440.215,440.215,440.215,440.215,440.215
440.215,440.215,440.215,440.215,440.215,440.215,440.215,440.215,440.215,440.215
440.215,440.215,440.215,440.215,440.215,440.215,440.215,440.215,440.215,440.215
440.215,440.215,440.215,440.215,440.215,440.215,440.215,440.215,440.215,440.215
440.215,440.215,440.215,440.215,440.215,440.215,440.215,440.215,440.215,440.215
440.215,440.215,440.215,440.215,440.215,440.215,440.215,440.215,440.215,440.215
440.215,440.215,440.215,440.215,440.215,440.215,440.215,440.215,440.215,440.215
440.215,440.215,440.215,440.215,440.215,440.215,440.215,440.215,440.215,440.215
440.215,440.215,440.215,440.215,440.215,440.215,440.215,440.215,440.215,440.215
440.215,440.215,440.215,440.215,440.215,440.215,440.215,440.215,440.215,440.215
440.215,440.215,440.215,440.215,440.215,440.215,440.215,440.215,440.215,440.215
440.215,440.215,440.215,440.215,440.215,440.215,440.215,440.215,440.215,440.215
440.215,440.215,440.215,440.215,440.215,440.215,440.215,440.215,440.215,440.215
440.215,440.215,440.215,440.215,440.215,440.215,440.215,440.215,440.215,440.215
440.215,440.215,440.215,440.215,440.215,440.215,440.215,440.215,440.215,440.215
440.215,440.215,440.215,440.215,440.215,440.215,440.215,440.215,440.215,440.215
440.215,440.215,440.215,440.215,440.215,440.215,440.215,440.215,440.215,440.215
440.215,440.215,440.215,440.215,440.215,440.215,440.215,440.215,440.215,440.215
440.215,440.215,440.215,440.215,440.215,440.215,440.215,440.215,440.215,440.215
440.215,440.215,440.215,440.215,440.215,440.215,440.215,440.215,440.215,440.215
440.215,440.215,440.215,440.215,440.215,440.215,440.215,440.215,440.215,440.215
440.215,440.215,440.215,440.215,440.215,440.215,440.215,440.215,440.215,440.215
440.215,440.215,440.215,440.215,440.215,440.215,440.215,440.215,440.215,440.215
440.215,440.215,440.215,438.706,440.215,440.215,440.215,440.215,440.215,440.215
440.215,440.215,440.215,440.215,440.215,440.215,440.215,440.215,440.215,440.215
440.215,440.215,440.215,440.215,440.215,440.215,440.215,440.215,440.215,440.215
440.215,440.215,440.215,440.215,440.215,440.215,440.215,440.215,440.215,440.215
440.215,440.215,440.215,440.215,440.215,440.215,440.215,440.215,440.215,440.215
440.215,440.215,440.215,440.215,440.215,440.215,440.215,440.215,440.215,440.215
440.215,440.215,440.215,440.215,440.215,440.215,440.215,440.215,440.215,440.215
440.215,440.215,440.215,440.215,440.215,440.215,440.215,440.215,440.215,440.215
440.215,440.215,440.215,440.215,440.215,440.215,440.215,440.215,440.215,440.215
440.215,440.215,440.215,440.215,440.215,440.215,440.215,440.215,440.215,440.215
440.215,440.215,440.215,440.215,440.215,440.215,440.215,440.215,440.215,440.215
440.215,440.215,440.215,440.215,440.215,440.215,440.215,440.215,440.215,440.215
440.215,440.215,440.215,440.215,440.215,440.215,440.215,440.215,440.215,440.215
440.215,440.215,440.215,440.215,440.215,440.215,440.215,440.215,440.215,440.215
440.215,440.215,440.215,440.215,440.215,440.215,440.215,440.215,440.215,440.215
440.215,440.215,440.215,440.215,440.215,440.215,440.215,440.215,440.215,440.215
440.215,440.215,440.215,440.215,440.215,440.215,440.215,440.215,440.215,440.215
440.215,440.215,440.215,440.215,440.215,440.215,440.215,440.215,440.215,440.215
440.215,440.215,440.215,440.215,440.215,440.215,440.215,440.215,440.215,440.215
440.215,440.215,440.215,440.215,440.215,440.215,440.215,440.215,440.215,440.215
440.215,440.215,440.215,440.215,440.215,440.215,440.215,440.215,440.215,440.215
440.215,440.215,440.215,440.215,440.215,440.215,440.215,440.215,440.215,440.215
440.215,440.215,440.215,440.215,440.215,440.215,440.215,440.215,440.215,440.215
440.215,440.215,440.215,440.215,440.215,440.215,440.215,440.215,440.215,440.215
440.215,440.215,440.215,440.215,440.215,440.215,440.215,440.215,440.215,440.215
440.215,440.215,440.215,440.215,440.215,440.215,440.215,440.215,440.215,440.215
440.215,440.215,440.215,440.215,440.215,440.215,440.215,440.215,440.215,440.215
440.215,440.215,440.215,440.215,440.215,440.215,440.215,440.215,440.215,440.215
440.215,440.215,440.215,440.215,440.215,440.215,440.215,440.215,440.215,440.215
440.215,440.215,440.215,440.215,440.215,440.215,440.215,440.215,440.215,440.215
440.215,440.215,440.215,440.215,440.215,440.215,440.215,440.215,440.215,440.215
440.215,440.215,440.215,440.215,440.215,440.215,440.215,440.215,440.215,440.215
440.215,440.215,440.215,440.215,440.215,440.215,440.215,440.215,440.215,440.215
440.215,440.215,440.215,440.215,440.215,440.215,440.215,440.215,440.215,440.215
440.215,440.215,440.215,440.215,440.215,440.215,440.215,440.215,440.215,440.215
440.215,440.215,440.215,440.215,440.215,440.215,440.215,440.215,440.215,440.215
440.215,440.215,440.215,440.215,440.215,440.215,440.215,440.215,440.215,440.215
440.215,440.215,440.215,440.215,440.215,440.215,440.215,440.215,440.215,440.215
440.215,440.215,440.215,440.215,440.215,440.215,440.215,440.215,440.215,440.215
440.215,440.215,440.215,440.215,440.215,440.215,440.215,440.215,440.215,440.215
440.215,440.215,440.215,440.215,440.215,440.215,440.215,440.215,440.215,440.215
440.215,440.215,440.215,440.215,440.215,440.215,440.215,440.215,440.215,440.215
440.215,440.215,440.215,440.215,440.215,440.215,440.215,440.215,440.215,440.215
440.215,440.215,440.215,440.215,440.215,440.215,440.215,440.215,440.215,440.215
440.215,440.215,440.215,440.215,440.215,440.215,440.215,440.215,440.215,440.215
440.215,440.215,440.215,440.215,440.215,440.215,440.215,440.215,440.215,440.215
440.215,440.215,440.215,440.215,440.215,440.215,440.215,440.215,440.215,440.215
440.215,440.215,440.215,440.215,440.215,440.215,440.215,440.215,440.215,440.215
440.215,440.215,440.215,440.215,440.215,440.215,440.215,440.215,440.215,440.215
440.215,440.215,440.215,440.215,440.215,440.215,440.215,440.215,440.215,440.215
440.215,440.215,440.215,440.215,440.215,440.215,440.215,440.215,440.215,440.215
440.215,440.215,440.215,440.215,440.215,440.215,440.215,440.215,440.215,440.215
440.215,440.215,440.215,440.215,440.215,440.215,440.215,440.215,440.215,440.215
440.215,440.215,440.215,440.215,440.215,440.215,440.215,440.215,440.215,440.215
440.215,440.215,440.215,440.215,440.215,440.215,440.215,440.215,440.215,440.215
440.215,440.215,440.215,440.215,440.215,440.215,440.215,440.215,440.215,440.215
