0.820,0.908,0.805,0.838,0.832,0.988,0.967,0.775,0.970,0.874,0.913,0.861,0.975,0.757,0.841,0.884,0.927,0.790,0.929,0.981,0.841,0.760,0.852,0.936,0.855,0.964,0.930,0.983,0.911,0.783
0.744,0.547,0.572,0.606,0.645,0.539,0.587,0.720,0.724,0.705,0.581,0.671,0.695,0.740,0.580,0.646,0.551,0.671,0.650,0.613,0.602,0.594,0.618,0.618,0.674,0.647,0.729,0.687,0.673,0.677
1.436,1.371,1.411,1.250,1.366,1.361,1.359,1.293,1.278,1.257,1.265,1.451,1.344,1.267,1.441,1.303,1.264,1.282,1.440,1.424,1.327,1.285,1.455,1.345,1.319,1.479,1.476,1.337,1.472,1.362
1.739,1.559,1.615,1.540,1.709,1.726,1.628,1.499,1.594,1.504,1.723,1.521,1.579,1.564,1.706,1.704,1.619,1.535,1.586,1.520,1.724,1.600,1.545,1.554,1.629,1.642,1.721,1.665,1.676,1.709
1.743,1.560,1.616,1.543,1.705,1.730,1.630,1.502,1.594,1.501,1.724,1.525,1.574,1.565,1.706,1.700,1.623,1.537,1.582,1.523,1.726,1.601,1.543,1.554,1.624,1.646,1.724,1.663,1.677,1.713
2.722,2.611,2.691,2.522,2.617,2.522,2.702,2.686,2.622,2.639,2.747,2.713,2.543,2.680,2.642,2.605,2.504,2.623,2.516,2.706,2.623,2.552,2.540,2.497,2.612,2.694,2.550,2.503,2.601,2.614
2.711,2.615,2.684,2.525,2.625,2.519,2.710,2.677,2.621,2.622,2.740,2.712,2.550,2.674,2.638,2.622,2.505,2.622,2.509,2.711,2.612,2.556,2.540,2.503,2.609,2.707,2.553,2.509,2.617,2.626
0.745,0.543,0.569,0.613,0.635,0.528,0.578,0.730,0.715,0.709,0.582,0.681,0.671,0.748,0.579,0.647,0.553,0.670,0.638,0.612,0.608,0.596,0.606,0.611,0.671,0.651,0.722,0.680,0.671,0.670
0.749,0.554,0.574,0.608,0.637,0.521,0.575,0.733,0.707,0.705,0.579,0.685,0.678,0.753,0.576,0.638,0.554,0.675,0.641,0.616,0.604,0.597,0.610,0.615,0.679,0.651,0.727,0.678,0.664,0.681
0.752,0.552,0.575,0.606,0.635,0.523,0.579,0.729,0.703,0.701,0.576,0.686,0.680,0.755,0.576,0.634,0.551,0.671,0.640,0.613,0.601,0.594,0.607,0.618,0.679,0.653,0.725,0.677,0.663,0.685
0.756,0.549,0.575,0.610,0.631,0.526,0.580,0.732,0.707,0.702,0.577,0.689,0.684,0.757,0.576,0.630,0.551,0.673,0.642,0.613,0.597,0.591,0.609,0.618,0.684,0.658,0.722,0.679,0.662,0.685
0.754,0.550,0.577,0.606,0.629,0.525,0.582,0.733,0.708,0.704,0.576,0.688,0.689,0.754,0.581,0.632,0.552,0.668,0.644,0.609,0.597,0.588,0.612,0.614,0.681,0.655,0.723,0.684,0.666,0.682
2.719,2.603,2.713,2.518,2.619,2.510,2.707,2.678,2.625,2.638,2.744,2.713,2.541,2.677,2.641,2.615,2.505,2.618,2.532,2.699,2.632,2.562,2.544,2.500,2.625,2.694,2.555,2.508,2.590,2.617
2.725,2.591,2.695,2.537,2.628,2.506,2.705,2.679,2.616,2.643,2.746,2.707,2.554,2.684,2.647,2.601,2.498,2.628,2.520,2.693,2.631,2.563,2.557,2.502,2.622,2.708,2.548,2.506,2.599,2.623
2.717,2.596,2.685,2.524,2.617,2.503,2.709,2.684,2.629,2.636,2.744,2.710,2.560,2.689,2.655,2.608,2.509,2.633,2.524,2.697,2.626,2.550,2.547,2.505,2.628,2.702,2.541,2.501,2.602,2.626
2.715,2.593,2.688,2.536,2.619,2.504,2.699,2.681,2.616,2.643,2.732,2.711,2.559,2.677,2.638,2.599,2.499,2.623,2.523,2.685,2.636,2.552,2.545,2.503,2.622,2.698,2.537,2.515,2.599,2.630
2.715,2.598,2.700,2.522,2.629,2.505,2.714,2.683,2.621,2.649,2.750,2.711,2.563,2.694,2.652,2.612,2.505,2.632,2.518,2.684,2.640,2.559,2.545,2.512,2.633,2.703,2.526,2.510,2.618,2.620
2.711,2.598,2.705,2.535,2.631,2.512,2.719,2.684,2.629,2.649,2.748,2.709,2.563,2.690,2.654,2.608,2.503,2.630,2.527,2.684,2.640,2.565,2.546,2.512,2.635,2.699,2.522,2.504,2.617,2.618
2.713,2.603,2.697,2.530,2.630,2.504,2.713,2.690,2.627,2.655,2.737,2.706,2.559,2.684,2.649,2.611,2.507,2.635,2.522,2.680,2.631,2.569,2.544,2.503,2.635,2.698,2.519,2.500,2.608,2.616
2.723,2.593,2.691,2.521,2.621,2.504,2.714,2.689,2.627,2.639,2.755,2.716,2.563,2.696,2.646,2.619,2.510,2.652,2.544,2.698,2.635,2.562,2.553,2.506,2.628,2.710,2.548,2.500,2.610,2.626
